// The 100 "best" schedules with the same score
// …given an arbitrary set of weights whose values are lost to the sands of time.

Combo #16,292,636 (3-3-15-21-43) has a score of 29.554
[[[0,5],[0,3],[3,5],[0,4],[1,5],[2,3],[1,4],[2,4],[1,2]],
 [[0,2],[0,5],[2,5],[0,1],[2,3],[4,5],[1,3],[1,4],[3,4]],
 [[3,5],[1,3],[1,5],[0,3],[4,5],[1,2],[0,4],[0,2],[2,4]],
 [[1,4],[0,4],[0,1],[3,4],[1,2],[0,5],[2,3],[3,5],[2,5]],
 [[4,5],[2,5],[2,4],[1,5],[3,4],[0,2],[1,3],[0,1],[0,3]]]
{"earlyWeeksByTeam"    : [3,2,2,2,2,4],
 "lateWeeksByTeam"     : [2,3,3,3,3,1],
 "doubleHeadersByTeam" : [5,3,3,3,3,3],
 "totalSlotsByTeam"    : [22,25,23,24,23,23],
 "teamMatchups"        : [[0,3,3,3,3,3],
                          [3,0,3,3,3,3],
                          [3,3,0,3,3,3],
                          [3,3,3,0,3,3],
                          [3,3,3,3,0,3],
                          [3,3,3,3,3,0]]}

Combo #16,357,120 (3-3-43-21-15) has a score of 29.554
[[[0,5],[0,3],[3,5],[0,4],[1,5],[2,3],[1,4],[2,4],[1,2]],
 [[0,2],[0,5],[2,5],[0,1],[2,3],[4,5],[1,3],[1,4],[3,4]],
 [[1,5],[1,3],[3,5],[1,2],[4,5],[0,3],[2,4],[0,2],[0,4]],
 [[1,4],[0,4],[0,1],[3,4],[1,2],[0,5],[2,3],[3,5],[2,5]],
 [[2,4],[2,5],[4,5],[0,2],[3,4],[1,5],[0,3],[0,1],[1,3]]]
{"earlyWeeksByTeam"    : [3,2,2,2,2,4],
 "lateWeeksByTeam"     : [2,3,3,3,3,1],
 "doubleHeadersByTeam" : [5,3,3,3,3,3],
 "totalSlotsByTeam"    : [22,23,23,25,23,24],
 "teamMatchups"        : [[0,3,3,3,3,3],
                          [3,0,3,3,3,3],
                          [3,3,0,3,3,3],
                          [3,3,3,0,3,3],
                          [3,3,3,3,0,3],
                          [3,3,3,3,3,0]]}

Combo #17,618,876 (3-15-15-3-43) has a score of 29.554
[[[0,5],[0,3],[3,5],[0,4],[1,5],[2,3],[1,4],[2,4],[1,2]],
 [[1,3],[1,4],[3,4],[0,1],[2,3],[4,5],[0,2],[0,5],[2,5]],
 [[3,5],[1,3],[1,5],[0,3],[4,5],[1,2],[0,4],[0,2],[2,4]],
 [[0,1],[0,4],[1,4],[0,5],[1,2],[3,4],[2,5],[3,5],[2,3]],
 [[4,5],[2,5],[2,4],[1,5],[3,4],[0,2],[1,3],[0,1],[0,3]]]
{"earlyWeeksByTeam"    : [2,3,1,3,3,3],
 "lateWeeksByTeam"     : [3,2,4,2,2,2],
 "doubleHeadersByTeam" : [5,3,3,3,3,3],
 "totalSlotsByTeam"    : [22,24,23,23,25,23],
 "teamMatchups"        : [[0,3,3,3,3,3],
                          [3,0,3,3,3,3],
                          [3,3,0,3,3,3],
                          [3,3,3,0,3,3],
                          [3,3,3,3,0,3],
                          [3,3,3,3,3,0]]}

Combo #17,632,700 (3-15-21-3-43) has a score of 29.554
[[[0,5],[0,3],[3,5],[0,4],[1,5],[2,3],[1,4],[2,4],[1,2]],
 [[1,3],[1,4],[3,4],[0,1],[2,3],[4,5],[0,2],[0,5],[2,5]],
 [[2,4],[0,2],[0,4],[1,2],[4,5],[0,3],[1,5],[1,3],[3,5]],
 [[0,1],[0,4],[1,4],[0,5],[1,2],[3,4],[2,5],[3,5],[2,3]],
 [[4,5],[2,5],[2,4],[1,5],[3,4],[0,2],[1,3],[0,1],[0,3]]]
{"earlyWeeksByTeam"    : [3,2,2,2,4,2],
 "lateWeeksByTeam"     : [2,3,3,3,1,3],
 "doubleHeadersByTeam" : [5,3,3,3,3,3],
 "totalSlotsByTeam"    : [22,24,23,23,25,23],
 "teamMatchups"        : [[0,3,3,3,3,3],
                          [3,0,3,3,3,3],
                          [3,3,0,3,3,3],
                          [3,3,3,0,3,3],
                          [3,3,3,3,0,3],
                          [3,3,3,3,3,0]]}

Combo #17,634,580 (3-15-21-43-3) has a score of 29.554
[[[0,5],[0,3],[3,5],[0,4],[1,5],[2,3],[1,4],[2,4],[1,2]],
 [[1,3],[1,4],[3,4],[0,1],[2,3],[4,5],[0,2],[0,5],[2,5]],
 [[2,4],[0,2],[0,4],[1,2],[4,5],[0,3],[1,5],[1,3],[3,5]],
 [[2,3],[3,5],[2,5],[3,4],[1,2],[0,5],[1,4],[0,4],[0,1]],
 [[0,3],[0,1],[1,3],[0,2],[3,4],[1,5],[2,4],[2,5],[4,5]]]
{"earlyWeeksByTeam"    : [3,2,2,4,2,2],
 "lateWeeksByTeam"     : [2,3,3,1,3,3],
 "doubleHeadersByTeam" : [5,3,3,3,3,3],
 "totalSlotsByTeam"    : [22,24,23,23,25,23],
 "teamMatchups"        : [[0,3,3,3,3,3],
                          [3,0,3,3,3,3],
                          [3,3,0,3,3,3],
                          [3,3,3,0,3,3],
                          [3,3,3,3,0,3],
                          [3,3,3,3,3,0]]}

Combo #17,634,620 (3-15-21-43-43) has a score of 29.554
[[[0,5],[0,3],[3,5],[0,4],[1,5],[2,3],[1,4],[2,4],[1,2]],
 [[1,3],[1,4],[3,4],[0,1],[2,3],[4,5],[0,2],[0,5],[2,5]],
 [[2,4],[0,2],[0,4],[1,2],[4,5],[0,3],[1,5],[1,3],[3,5]],
 [[2,3],[3,5],[2,5],[3,4],[1,2],[0,5],[1,4],[0,4],[0,1]],
 [[4,5],[2,5],[2,4],[1,5],[3,4],[0,2],[1,3],[0,1],[0,3]]]
{"earlyWeeksByTeam"    : [2,1,3,3,3,3],
 "lateWeeksByTeam"     : [3,4,2,2,2,2],
 "doubleHeadersByTeam" : [5,3,3,3,3,3],
 "totalSlotsByTeam"    : [22,24,23,23,25,23],
 "teamMatchups"        : [[0,3,3,3,3,3],
                          [3,0,3,3,3,3],
                          [3,3,0,3,3,3],
                          [3,3,3,0,3,3],
                          [3,3,3,3,0,3],
                          [3,3,3,3,3,0]]}

Combo #18,282,428 (3-21-15-3-43) has a score of 29.554
[[[0,5],[0,3],[3,5],[0,4],[1,5],[2,3],[1,4],[2,4],[1,2]],
 [[2,5],[0,5],[0,2],[4,5],[2,3],[0,1],[3,4],[1,4],[1,3]],
 [[3,5],[1,3],[1,5],[0,3],[4,5],[1,2],[0,4],[0,2],[2,4]],
 [[0,1],[0,4],[1,4],[0,5],[1,2],[3,4],[2,5],[3,5],[2,3]],
 [[4,5],[2,5],[2,4],[1,5],[3,4],[0,2],[1,3],[0,1],[0,3]]]
{"earlyWeeksByTeam"    : [3,2,2,2,2,4],
 "lateWeeksByTeam"     : [2,3,3,3,3,1],
 "doubleHeadersByTeam" : [5,3,3,3,3,3],
 "totalSlotsByTeam"    : [22,24,23,23,25,23],
 "teamMatchups"        : [[0,3,3,3,3,3],
                          [3,0,3,3,3,3],
                          [3,3,0,3,3,3],
                          [3,3,3,0,3,3],
                          [3,3,3,3,0,3],
                          [3,3,3,3,3,0]]}

Combo #20,688,352 (3-43-3-15-15) has a score of 29.554
[[[0,5],[0,3],[3,5],[0,4],[1,5],[2,3],[1,4],[2,4],[1,2]],
 [[3,4],[1,4],[1,3],[4,5],[2,3],[0,1],[2,5],[0,5],[0,2]],
 [[0,4],[0,2],[2,4],[0,3],[4,5],[1,2],[3,5],[1,3],[1,5]],
 [[2,5],[3,5],[2,3],[0,5],[1,2],[3,4],[0,1],[0,4],[1,4]],
 [[2,4],[2,5],[4,5],[0,2],[3,4],[1,5],[0,3],[0,1],[1,3]]]
{"earlyWeeksByTeam"    : [2,1,3,3,3,3],
 "lateWeeksByTeam"     : [3,4,2,2,2,2],
 "doubleHeadersByTeam" : [5,3,3,3,3,3],
 "totalSlotsByTeam"    : [22,23,23,25,23,24],
 "teamMatchups"        : [[0,3,3,3,3,3],
                          [3,0,3,3,3,3],
                          [3,3,0,3,3,3],
                          [3,3,3,0,3,3],
                          [3,3,3,3,0,3],
                          [3,3,3,3,3,0]]}

Combo #20,688,358 (3-43-3-15-21) has a score of 29.554
[[[0,5],[0,3],[3,5],[0,4],[1,5],[2,3],[1,4],[2,4],[1,2]],
 [[3,4],[1,4],[1,3],[4,5],[2,3],[0,1],[2,5],[0,5],[0,2]],
 [[0,4],[0,2],[2,4],[0,3],[4,5],[1,2],[3,5],[1,3],[1,5]],
 [[2,5],[3,5],[2,3],[0,5],[1,2],[3,4],[0,1],[0,4],[1,4]],
 [[1,3],[0,1],[0,3],[1,5],[3,4],[0,2],[4,5],[2,5],[2,4]]]
{"earlyWeeksByTeam"    : [3,2,2,4,2,2],
 "lateWeeksByTeam"     : [2,3,3,1,3,3],
 "doubleHeadersByTeam" : [5,3,3,3,3,3],
 "totalSlotsByTeam"    : [22,23,23,25,23,24],
 "teamMatchups"        : [[0,3,3,3,3,3],
                          [3,0,3,3,3,3],
                          [3,3,0,3,3,3],
                          [3,3,3,0,3,3],
                          [3,3,3,3,0,3],
                          [3,3,3,3,3,0]]}

Combo #20,688,640 (3-43-3-21-15) has a score of 29.554
[[[0,5],[0,3],[3,5],[0,4],[1,5],[2,3],[1,4],[2,4],[1,2]],
 [[3,4],[1,4],[1,3],[4,5],[2,3],[0,1],[2,5],[0,5],[0,2]],
 [[0,4],[0,2],[2,4],[0,3],[4,5],[1,2],[3,5],[1,3],[1,5]],
 [[1,4],[0,4],[0,1],[3,4],[1,2],[0,5],[2,3],[3,5],[2,5]],
 [[2,4],[2,5],[4,5],[0,2],[3,4],[1,5],[0,3],[0,1],[1,3]]]
{"earlyWeeksByTeam"    : [3,2,2,2,4,2],
 "lateWeeksByTeam"     : [2,3,3,3,1,3],
 "doubleHeadersByTeam" : [5,3,3,3,3,3],
 "totalSlotsByTeam"    : [22,23,23,25,23,24],
 "teamMatchups"        : [[0,3,3,3,3,3],
                          [3,0,3,3,3,3],
                          [3,3,0,3,3,3],
                          [3,3,3,0,3,3],
                          [3,3,3,3,0,3],
                          [3,3,3,3,3,0]]}

Combo #20,716,316 (3-43-15-21-43) has a score of 29.554
[[[0,5],[0,3],[3,5],[0,4],[1,5],[2,3],[1,4],[2,4],[1,2]],
 [[3,4],[1,4],[1,3],[4,5],[2,3],[0,1],[2,5],[0,5],[0,2]],
 [[3,5],[1,3],[1,5],[0,3],[4,5],[1,2],[0,4],[0,2],[2,4]],
 [[1,4],[0,4],[0,1],[3,4],[1,2],[0,5],[2,3],[3,5],[2,5]],
 [[4,5],[2,5],[2,4],[1,5],[3,4],[0,2],[1,3],[0,1],[0,3]]]
{"earlyWeeksByTeam"    : [2,3,1,3,3,3],
 "lateWeeksByTeam"     : [3,2,4,2,2,2],
 "doubleHeadersByTeam" : [5,3,3,3,3,3],
 "totalSlotsByTeam"    : [22,25,23,24,23,23],
 "teamMatchups"        : [[0,3,3,3,3,3],
                          [3,0,3,3,3,3],
                          [3,3,0,3,3,3],
                          [3,3,3,0,3,3],
                          [3,3,3,3,0,3],
                          [3,3,3,3,3,0]]}

Combo #20,729,812 (3-43-21-15-3) has a score of 29.554
[[[0,5],[0,3],[3,5],[0,4],[1,5],[2,3],[1,4],[2,4],[1,2]],
 [[3,4],[1,4],[1,3],[4,5],[2,3],[0,1],[2,5],[0,5],[0,2]],
 [[2,4],[0,2],[0,4],[1,2],[4,5],[0,3],[1,5],[1,3],[3,5]],
 [[2,5],[3,5],[2,3],[0,5],[1,2],[3,4],[0,1],[0,4],[1,4]],
 [[0,3],[0,1],[1,3],[0,2],[3,4],[1,5],[2,4],[2,5],[4,5]]]
{"earlyWeeksByTeam"    : [3,2,2,4,2,2],
 "lateWeeksByTeam"     : [2,3,3,1,3,3],
 "doubleHeadersByTeam" : [5,3,3,3,3,3],
 "totalSlotsByTeam"    : [22,25,23,24,23,23],
 "teamMatchups"        : [[0,3,3,3,3,3],
                          [3,0,3,3,3,3],
                          [3,3,0,3,3,3],
                          [3,3,3,0,3,3],
                          [3,3,3,3,0,3],
                          [3,3,3,3,3,0]]}

Combo #20,729,852 (3-43-21-15-43) has a score of 29.554
[[[0,5],[0,3],[3,5],[0,4],[1,5],[2,3],[1,4],[2,4],[1,2]],
 [[3,4],[1,4],[1,3],[4,5],[2,3],[0,1],[2,5],[0,5],[0,2]],
 [[2,4],[0,2],[0,4],[1,2],[4,5],[0,3],[1,5],[1,3],[3,5]],
 [[2,5],[3,5],[2,3],[0,5],[1,2],[3,4],[0,1],[0,4],[1,4]],
 [[4,5],[2,5],[2,4],[1,5],[3,4],[0,2],[1,3],[0,1],[0,3]]]
{"earlyWeeksByTeam"    : [2,1,3,3,3,3],
 "lateWeeksByTeam"     : [3,4,2,2,2,2],
 "doubleHeadersByTeam" : [5,3,3,3,3,3],
 "totalSlotsByTeam"    : [22,25,23,24,23,23],
 "teamMatchups"        : [[0,3,3,3,3,3],
                          [3,0,3,3,3,3],
                          [3,3,0,3,3,3],
                          [3,3,3,0,3,3],
                          [3,3,3,3,0,3],
                          [3,3,3,3,3,0]]}

Combo #20,730,140 (3-43-21-21-43) has a score of 29.554
[[[0,5],[0,3],[3,5],[0,4],[1,5],[2,3],[1,4],[2,4],[1,2]],
 [[3,4],[1,4],[1,3],[4,5],[2,3],[0,1],[2,5],[0,5],[0,2]],
 [[2,4],[0,2],[0,4],[1,2],[4,5],[0,3],[1,5],[1,3],[3,5]],
 [[1,4],[0,4],[0,1],[3,4],[1,2],[0,5],[2,3],[3,5],[2,5]],
 [[4,5],[2,5],[2,4],[1,5],[3,4],[0,2],[1,3],[0,1],[0,3]]]
{"earlyWeeksByTeam"    : [3,2,2,2,4,2],
 "lateWeeksByTeam"     : [2,3,3,3,1,3],
 "doubleHeadersByTeam" : [5,3,3,3,3,3],
 "totalSlotsByTeam"    : [22,25,23,24,23,23],
 "teamMatchups"        : [[0,3,3,3,3,3],
                          [3,0,3,3,3,3],
                          [3,3,0,3,3,3],
                          [3,3,3,0,3,3],
                          [3,3,3,3,0,3],
                          [3,3,3,3,3,0]]}

Combo #20,780,800 (3-43-43-21-15) has a score of 29.554
[[[0,5],[0,3],[3,5],[0,4],[1,5],[2,3],[1,4],[2,4],[1,2]],
 [[3,4],[1,4],[1,3],[4,5],[2,3],[0,1],[2,5],[0,5],[0,2]],
 [[1,5],[1,3],[3,5],[1,2],[4,5],[0,3],[2,4],[0,2],[0,4]],
 [[1,4],[0,4],[0,1],[3,4],[1,2],[0,5],[2,3],[3,5],[2,5]],
 [[2,4],[2,5],[4,5],[0,2],[3,4],[1,5],[0,3],[0,1],[1,3]]]
{"earlyWeeksByTeam"    : [2,3,1,3,3,3],
 "lateWeeksByTeam"     : [3,2,4,2,2,2],
 "doubleHeadersByTeam" : [5,3,3,3,3,3],
 "totalSlotsByTeam"    : [22,23,23,25,23,24],
 "teamMatchups"        : [[0,3,3,3,3,3],
                          [3,0,3,3,3,3],
                          [3,3,0,3,3,3],
                          [3,3,3,0,3,3],
                          [3,3,3,3,0,3],
                          [3,3,3,3,3,0]]}

Combo #37,953,056 (7-7-8-32-31) has a score of 29.554
[[[0,3],[0,5],[3,5],[0,4],[2,3],[1,5],[2,4],[1,4],[1,2]],
 [[0,5],[0,2],[2,5],[0,1],[4,5],[2,3],[1,4],[1,3],[3,4]],
 [[1,3],[3,5],[1,5],[0,3],[1,2],[4,5],[0,2],[0,4],[2,4]],
 [[1,4],[0,1],[0,4],[1,2],[3,4],[0,5],[2,3],[2,5],[3,5]],
 [[4,5],[2,4],[2,5],[3,4],[1,5],[0,2],[1,3],[0,3],[0,1]]]
{"earlyWeeksByTeam"    : [3,2,2,2,2,4],
 "lateWeeksByTeam"     : [2,3,3,3,3,1],
 "doubleHeadersByTeam" : [5,3,3,3,3,3],
 "totalSlotsByTeam"    : [22,23,25,23,23,24],
 "teamMatchups"        : [[0,3,3,3,3,3],
                          [3,0,3,3,3,3],
                          [3,3,0,3,3,3],
                          [3,3,3,0,3,3],
                          [3,3,3,3,0,3],
                          [3,3,3,3,3,0]]}

Combo #38,006,025 (7-7-31-32-8) has a score of 29.554
[[[0,3],[0,5],[3,5],[0,4],[2,3],[1,5],[2,4],[1,4],[1,2]],
 [[0,5],[0,2],[2,5],[0,1],[4,5],[2,3],[1,4],[1,3],[3,4]],
 [[1,5],[3,5],[1,3],[4,5],[1,2],[0,3],[2,4],[0,4],[0,2]],
 [[1,4],[0,1],[0,4],[1,2],[3,4],[0,5],[2,3],[2,5],[3,5]],
 [[2,5],[2,4],[4,5],[0,2],[1,5],[3,4],[0,1],[0,3],[1,3]]]
{"earlyWeeksByTeam"    : [3,2,2,2,2,4],
 "lateWeeksByTeam"     : [2,3,3,3,3,1],
 "doubleHeadersByTeam" : [5,3,3,3,3,3],
 "totalSlotsByTeam"    : [22,23,24,23,25,23],
 "teamMatchups"        : [[0,3,3,3,3,3],
                          [3,0,3,3,3,3],
                          [3,3,0,3,3,3],
                          [3,3,3,0,3,3],
                          [3,3,3,3,0,3],
                          [3,3,3,3,3,0]]}

Combo #38,062,448 (7-8-8-7-31) has a score of 29.554
[[[0,3],[0,5],[3,5],[0,4],[2,3],[1,5],[2,4],[1,4],[1,2]],
 [[1,4],[1,3],[3,4],[0,1],[4,5],[2,3],[0,5],[0,2],[2,5]],
 [[1,3],[3,5],[1,5],[0,3],[1,2],[4,5],[0,2],[0,4],[2,4]],
 [[0,4],[0,1],[1,4],[0,5],[3,4],[1,2],[3,5],[2,5],[2,3]],
 [[4,5],[2,4],[2,5],[3,4],[1,5],[0,2],[1,3],[0,3],[0,1]]]
{"earlyWeeksByTeam"    : [2,3,1,3,3,3],
 "lateWeeksByTeam"     : [3,2,4,2,2,2],
 "doubleHeadersByTeam" : [5,3,3,3,3,3],
 "totalSlotsByTeam"    : [22,23,23,24,23,25],
 "teamMatchups"        : [[0,3,3,3,3,3],
                          [3,0,3,3,3,3],
                          [3,3,0,3,3,3],
                          [3,3,3,0,3,3],
                          [3,3,3,3,0,3],
                          [3,3,3,3,3,0]]}

Combo #38,117,744 (7-8-32-7-31) has a score of 29.554
[[[0,3],[0,5],[3,5],[0,4],[2,3],[1,5],[2,4],[1,4],[1,2]],
 [[1,4],[1,3],[3,4],[0,1],[4,5],[2,3],[0,5],[0,2],[2,5]],
 [[2,4],[0,4],[0,2],[4,5],[1,2],[0,3],[1,5],[3,5],[1,3]],
 [[0,4],[0,1],[1,4],[0,5],[3,4],[1,2],[3,5],[2,5],[2,3]],
 [[4,5],[2,4],[2,5],[3,4],[1,5],[0,2],[1,3],[0,3],[0,1]]]
{"earlyWeeksByTeam"    : [3,2,2,2,4,2],
 "lateWeeksByTeam"     : [2,3,3,3,1,3],
 "doubleHeadersByTeam" : [5,3,3,3,3,3],
 "totalSlotsByTeam"    : [22,23,23,24,23,25],
 "teamMatchups"        : [[0,3,3,3,3,3],
                          [3,0,3,3,3,3],
                          [3,3,0,3,3,3],
                          [3,3,3,0,3,3],
                          [3,3,3,3,0,3],
                          [3,3,3,3,3,0]]}

Combo #38,118,872 (7-8-32-31-7) has a score of 29.554
[[[0,3],[0,5],[3,5],[0,4],[2,3],[1,5],[2,4],[1,4],[1,2]],
 [[1,4],[1,3],[3,4],[0,1],[4,5],[2,3],[0,5],[0,2],[2,5]],
 [[2,4],[0,4],[0,2],[4,5],[1,2],[0,3],[1,5],[3,5],[1,3]],
 [[2,3],[2,5],[3,5],[1,2],[3,4],[0,5],[1,4],[0,1],[0,4]],
 [[0,1],[0,3],[1,3],[0,2],[1,5],[3,4],[2,5],[2,4],[4,5]]]
{"earlyWeeksByTeam"    : [3,2,2,4,2,2],
 "lateWeeksByTeam"     : [2,3,3,1,3,3],
 "doubleHeadersByTeam" : [5,3,3,3,3,3],
 "totalSlotsByTeam"    : [22,23,23,24,23,25],
 "teamMatchups"        : [[0,3,3,3,3,3],
                          [3,0,3,3,3,3],
                          [3,3,0,3,3,3],
                          [3,3,3,0,3,3],
                          [3,3,3,3,0,3],
                          [3,3,3,3,3,0]]}

Combo #38,118,896 (7-8-32-31-31) has a score of 29.554
[[[0,3],[0,5],[3,5],[0,4],[2,3],[1,5],[2,4],[1,4],[1,2]],
 [[1,4],[1,3],[3,4],[0,1],[4,5],[2,3],[0,5],[0,2],[2,5]],
 [[2,4],[0,4],[0,2],[4,5],[1,2],[0,3],[1,5],[3,5],[1,3]],
 [[2,3],[2,5],[3,5],[1,2],[3,4],[0,5],[1,4],[0,1],[0,4]],
 [[4,5],[2,4],[2,5],[3,4],[1,5],[0,2],[1,3],[0,3],[0,1]]]
{"earlyWeeksByTeam"    : [2,1,3,3,3,3],
 "lateWeeksByTeam"     : [3,4,2,2,2,2],
 "doubleHeadersByTeam" : [5,3,3,3,3,3],
 "totalSlotsByTeam"    : [22,23,23,24,23,25],
 "teamMatchups"        : [[0,3,3,3,3,3],
                          [3,0,3,3,3,3],
                          [3,3,0,3,3,3],
                          [3,3,3,0,3,3],
                          [3,3,3,3,0,3],
                          [3,3,3,3,3,0]]}

Combo #40,603,785 (7-31-7-8-8) has a score of 29.554
[[[0,3],[0,5],[3,5],[0,4],[2,3],[1,5],[2,4],[1,4],[1,2]],
 [[3,4],[1,3],[1,4],[2,3],[4,5],[0,1],[2,5],[0,2],[0,5]],
 [[0,2],[0,4],[2,4],[0,3],[1,2],[4,5],[1,3],[3,5],[1,5]],
 [[3,5],[2,5],[2,3],[0,5],[3,4],[1,2],[0,4],[0,1],[1,4]],
 [[2,5],[2,4],[4,5],[0,2],[1,5],[3,4],[0,1],[0,3],[1,3]]]
{"earlyWeeksByTeam"    : [2,1,3,3,3,3],
 "lateWeeksByTeam"     : [3,4,2,2,2,2],
 "doubleHeadersByTeam" : [5,3,3,3,3,3],
 "totalSlotsByTeam"    : [22,23,24,23,25,23],
 "teamMatchups"        : [[0,3,3,3,3,3],
                          [3,0,3,3,3,3],
                          [3,3,0,3,3,3],
                          [3,3,3,0,3,3],
                          [3,3,3,3,0,3],
                          [3,3,3,3,3,0]]}

Combo #40,603,809 (7-31-7-8-32) has a score of 29.554
[[[0,3],[0,5],[3,5],[0,4],[2,3],[1,5],[2,4],[1,4],[1,2]],
 [[3,4],[1,3],[1,4],[2,3],[4,5],[0,1],[2,5],[0,2],[0,5]],
 [[0,2],[0,4],[2,4],[0,3],[1,2],[4,5],[1,3],[3,5],[1,5]],
 [[3,5],[2,5],[2,3],[0,5],[3,4],[1,2],[0,4],[0,1],[1,4]],
 [[1,3],[0,3],[0,1],[3,4],[1,5],[0,2],[4,5],[2,4],[2,5]]]
{"earlyWeeksByTeam"    : [3,2,2,4,2,2],
 "lateWeeksByTeam"     : [2,3,3,1,3,3],
 "doubleHeadersByTeam" : [5,3,3,3,3,3],
 "totalSlotsByTeam"    : [22,23,24,23,25,23],
 "teamMatchups"        : [[0,3,3,3,3,3],
                          [3,0,3,3,3,3],
                          [3,3,0,3,3,3],
                          [3,3,3,0,3,3],
                          [3,3,3,3,0,3],
                          [3,3,3,3,3,0]]}

Combo #40,604,937 (7-31-7-32-8) has a score of 29.554
[[[0,3],[0,5],[3,5],[0,4],[2,3],[1,5],[2,4],[1,4],[1,2]],
 [[3,4],[1,3],[1,4],[2,3],[4,5],[0,1],[2,5],[0,2],[0,5]],
 [[0,2],[0,4],[2,4],[0,3],[1,2],[4,5],[1,3],[3,5],[1,5]],
 [[1,4],[0,1],[0,4],[1,2],[3,4],[0,5],[2,3],[2,5],[3,5]],
 [[2,5],[2,4],[4,5],[0,2],[1,5],[3,4],[0,1],[0,3],[1,3]]]
{"earlyWeeksByTeam"    : [3,2,2,2,4,2],
 "lateWeeksByTeam"     : [2,3,3,3,1,3],
 "doubleHeadersByTeam" : [5,3,3,3,3,3],
 "totalSlotsByTeam"    : [22,23,24,23,25,23],
 "teamMatchups"        : [[0,3,3,3,3,3],
                          [3,0,3,3,3,3],
                          [3,3,0,3,3,3],
                          [3,3,3,0,3,3],
                          [3,3,3,3,0,3],
                          [3,3,3,3,3,0]]}

Combo #40,607,264 (7-31-8-32-31) has a score of 29.554
[[[0,3],[0,5],[3,5],[0,4],[2,3],[1,5],[2,4],[1,4],[1,2]],
 [[3,4],[1,3],[1,4],[2,3],[4,5],[0,1],[2,5],[0,2],[0,5]],
 [[1,3],[3,5],[1,5],[0,3],[1,2],[4,5],[0,2],[0,4],[2,4]],
 [[1,4],[0,1],[0,4],[1,2],[3,4],[0,5],[2,3],[2,5],[3,5]],
 [[4,5],[2,4],[2,5],[3,4],[1,5],[0,2],[1,3],[0,3],[0,1]]]
{"earlyWeeksByTeam"    : [2,3,1,3,3,3],
 "lateWeeksByTeam"     : [3,2,4,2,2,2],
 "doubleHeadersByTeam" : [5,3,3,3,3,3],
 "totalSlotsByTeam"    : [22,23,25,23,23,24],
 "teamMatchups"        : [[0,3,3,3,3,3],
                          [3,0,3,3,3,3],
                          [3,3,0,3,3,3],
                          [3,3,3,0,3,3],
                          [3,3,3,3,0,3],
                          [3,3,3,3,3,0]]}

Combo #40,660,233 (7-31-31-32-8) has a score of 29.554
[[[0,3],[0,5],[3,5],[0,4],[2,3],[1,5],[2,4],[1,4],[1,2]],
 [[3,4],[1,3],[1,4],[2,3],[4,5],[0,1],[2,5],[0,2],[0,5]],
 [[1,5],[3,5],[1,3],[4,5],[1,2],[0,3],[2,4],[0,4],[0,2]],
 [[1,4],[0,1],[0,4],[1,2],[3,4],[0,5],[2,3],[2,5],[3,5]],
 [[2,5],[2,4],[4,5],[0,2],[1,5],[3,4],[0,1],[0,3],[1,3]]]
{"earlyWeeksByTeam"    : [2,3,1,3,3,3],
 "lateWeeksByTeam"     : [3,2,4,2,2,2],
 "doubleHeadersByTeam" : [5,3,3,3,3,3],
 "totalSlotsByTeam"    : [22,23,24,23,25,23],
 "teamMatchups"        : [[0,3,3,3,3,3],
                          [3,0,3,3,3,3],
                          [3,3,0,3,3,3],
                          [3,3,3,0,3,3],
                          [3,3,3,3,0,3],
                          [3,3,3,3,3,0]]}

Combo #40,661,384 (7-31-32-8-7) has a score of 29.554
[[[0,3],[0,5],[3,5],[0,4],[2,3],[1,5],[2,4],[1,4],[1,2]],
 [[3,4],[1,3],[1,4],[2,3],[4,5],[0,1],[2,5],[0,2],[0,5]],
 [[2,4],[0,4],[0,2],[4,5],[1,2],[0,3],[1,5],[3,5],[1,3]],
 [[3,5],[2,5],[2,3],[0,5],[3,4],[1,2],[0,4],[0,1],[1,4]],
 [[0,1],[0,3],[1,3],[0,2],[1,5],[3,4],[2,5],[2,4],[4,5]]]
{"earlyWeeksByTeam"    : [3,2,2,4,2,2],
 "lateWeeksByTeam"     : [2,3,3,1,3,3],
 "doubleHeadersByTeam" : [5,3,3,3,3,3],
 "totalSlotsByTeam"    : [22,23,25,23,23,24],
 "teamMatchups"        : [[0,3,3,3,3,3],
                          [3,0,3,3,3,3],
                          [3,3,0,3,3,3],
                          [3,3,3,0,3,3],
                          [3,3,3,3,0,3],
                          [3,3,3,3,3,0]]}

Combo #40,661,408 (7-31-32-8-31) has a score of 29.554
[[[0,3],[0,5],[3,5],[0,4],[2,3],[1,5],[2,4],[1,4],[1,2]],
 [[3,4],[1,3],[1,4],[2,3],[4,5],[0,1],[2,5],[0,2],[0,5]],
 [[2,4],[0,4],[0,2],[4,5],[1,2],[0,3],[1,5],[3,5],[1,3]],
 [[3,5],[2,5],[2,3],[0,5],[3,4],[1,2],[0,4],[0,1],[1,4]],
 [[4,5],[2,4],[2,5],[3,4],[1,5],[0,2],[1,3],[0,3],[0,1]]]
{"earlyWeeksByTeam"    : [2,1,3,3,3,3],
 "lateWeeksByTeam"     : [3,4,2,2,2,2],
 "doubleHeadersByTeam" : [5,3,3,3,3,3],
 "totalSlotsByTeam"    : [22,23,25,23,23,24],
 "teamMatchups"        : [[0,3,3,3,3,3],
                          [3,0,3,3,3,3],
                          [3,3,0,3,3,3],
                          [3,3,3,0,3,3],
                          [3,3,3,3,0,3],
                          [3,3,3,3,3,0]]}

Combo #40,662,560 (7-31-32-32-31) has a score of 29.554
[[[0,3],[0,5],[3,5],[0,4],[2,3],[1,5],[2,4],[1,4],[1,2]],
 [[3,4],[1,3],[1,4],[2,3],[4,5],[0,1],[2,5],[0,2],[0,5]],
 [[2,4],[0,4],[0,2],[4,5],[1,2],[0,3],[1,5],[3,5],[1,3]],
 [[1,4],[0,1],[0,4],[1,2],[3,4],[0,5],[2,3],[2,5],[3,5]],
 [[4,5],[2,4],[2,5],[3,4],[1,5],[0,2],[1,3],[0,3],[0,1]]]
{"earlyWeeksByTeam"    : [3,2,2,2,4,2],
 "lateWeeksByTeam"     : [2,3,3,3,1,3],
 "doubleHeadersByTeam" : [5,3,3,3,3,3],
 "totalSlotsByTeam"    : [22,23,25,23,23,24],
 "teamMatchups"        : [[0,3,3,3,3,3],
                          [3,0,3,3,3,3],
                          [3,3,0,3,3,3],
                          [3,3,3,0,3,3],
                          [3,3,3,3,0,3],
                          [3,3,3,3,3,0]]}

Combo #40,716,656 (7-32-8-7-31) has a score of 29.554
[[[0,3],[0,5],[3,5],[0,4],[2,3],[1,5],[2,4],[1,4],[1,2]],
 [[2,5],[0,2],[0,5],[2,3],[4,5],[0,1],[3,4],[1,3],[1,4]],
 [[1,3],[3,5],[1,5],[0,3],[1,2],[4,5],[0,2],[0,4],[2,4]],
 [[0,4],[0,1],[1,4],[0,5],[3,4],[1,2],[3,5],[2,5],[2,3]],
 [[4,5],[2,4],[2,5],[3,4],[1,5],[0,2],[1,3],[0,3],[0,1]]]
{"earlyWeeksByTeam"    : [3,2,2,2,2,4],
 "lateWeeksByTeam"     : [2,3,3,3,3,1],
 "doubleHeadersByTeam" : [5,3,3,3,3,3],
 "totalSlotsByTeam"    : [22,23,23,24,23,25],
 "teamMatchups"        : [[0,3,3,3,3,3],
                          [3,0,3,3,3,3],
                          [3,3,0,3,3,3],
                          [3,3,3,0,3,3],
                          [3,3,3,3,0,3],
                          [3,3,3,3,3,0]]}

Combo #43,259,121 (8-7-7-31-32) has a score of 29.554
[[[2,4],[1,4],[1,2],[0,4],[2,3],[1,5],[0,3],[0,5],[3,5]],
 [[0,5],[0,2],[2,5],[0,1],[4,5],[2,3],[1,4],[1,3],[3,4]],
 [[0,2],[0,4],[2,4],[0,3],[1,2],[4,5],[1,3],[3,5],[1,5]],
 [[2,3],[2,5],[3,5],[1,2],[3,4],[0,5],[1,4],[0,1],[0,4]],
 [[1,3],[0,3],[0,1],[3,4],[1,5],[0,2],[4,5],[2,4],[2,5]]]
{"earlyWeeksByTeam"    : [3,2,4,2,2,2],
 "lateWeeksByTeam"     : [2,3,1,3,3,3],
 "doubleHeadersByTeam" : [5,3,3,3,3,3],
 "totalSlotsByTeam"    : [22,25,23,23,24,23],
 "teamMatchups"        : [[0,3,3,3,3,3],
                          [3,0,3,3,3,3],
                          [3,3,0,3,3,3],
                          [3,3,3,0,3,3],
                          [3,3,3,3,0,3],
                          [3,3,3,3,3,0]]}

Combo #43,313,241 (8-7-31-7-8) has a score of 29.554
[[[2,4],[1,4],[1,2],[0,4],[2,3],[1,5],[0,3],[0,5],[3,5]],
 [[0,5],[0,2],[2,5],[0,1],[4,5],[2,3],[1,4],[1,3],[3,4]],
 [[1,5],[3,5],[1,3],[4,5],[1,2],[0,3],[2,4],[0,4],[0,2]],
 [[0,4],[0,1],[1,4],[0,5],[3,4],[1,2],[3,5],[2,5],[2,3]],
 [[2,5],[2,4],[4,5],[0,2],[1,5],[3,4],[0,1],[0,3],[1,3]]]
{"earlyWeeksByTeam"    : [2,3,3,1,3,3],
 "lateWeeksByTeam"     : [3,2,2,4,2,2],
 "doubleHeadersByTeam" : [5,3,3,3,3,3],
 "totalSlotsByTeam"    : [22,25,23,23,24,23],
 "teamMatchups"        : [[0,3,3,3,3,3],
                          [3,0,3,3,3,3],
                          [3,3,0,3,3,3],
                          [3,3,3,0,3,3],
                          [3,3,3,3,0,3],
                          [3,3,3,3,3,0]]}

Combo #43,313,265 (8-7-31-7-32) has a score of 29.554
[[[2,4],[1,4],[1,2],[0,4],[2,3],[1,5],[0,3],[0,5],[3,5]],
 [[0,5],[0,2],[2,5],[0,1],[4,5],[2,3],[1,4],[1,3],[3,4]],
 [[1,5],[3,5],[1,3],[4,5],[1,2],[0,3],[2,4],[0,4],[0,2]],
 [[0,4],[0,1],[1,4],[0,5],[3,4],[1,2],[3,5],[2,5],[2,3]],
 [[1,3],[0,3],[0,1],[3,4],[1,5],[0,2],[4,5],[2,4],[2,5]]]
{"earlyWeeksByTeam"    : [3,4,2,2,2,2],
 "lateWeeksByTeam"     : [2,1,3,3,3,3],
 "doubleHeadersByTeam" : [5,3,3,3,3,3],
 "totalSlotsByTeam"    : [22,25,23,23,24,23],
 "teamMatchups"        : [[0,3,3,3,3,3],
                          [3,0,3,3,3,3],
                          [3,3,0,3,3,3],
                          [3,3,3,0,3,3],
                          [3,3,3,3,0,3],
                          [3,3,3,3,3,0]]}

Combo #43,314,417 (8-7-31-31-32) has a score of 29.554
[[[2,4],[1,4],[1,2],[0,4],[2,3],[1,5],[0,3],[0,5],[3,5]],
 [[0,5],[0,2],[2,5],[0,1],[4,5],[2,3],[1,4],[1,3],[3,4]],
 [[1,5],[3,5],[1,3],[4,5],[1,2],[0,3],[2,4],[0,4],[0,2]],
 [[2,3],[2,5],[3,5],[1,2],[3,4],[0,5],[1,4],[0,1],[0,4]],
 [[1,3],[0,3],[0,1],[3,4],[1,5],[0,2],[4,5],[2,4],[2,5]]]
{"earlyWeeksByTeam"    : [2,3,3,3,1,3],
 "lateWeeksByTeam"     : [3,2,2,2,4,2],
 "doubleHeadersByTeam" : [5,3,3,3,3,3],
 "totalSlotsByTeam"    : [22,25,23,23,24,23],
 "teamMatchups"        : [[0,3,3,3,3,3],
                          [3,0,3,3,3,3],
                          [3,3,0,3,3,3],
                          [3,3,3,0,3,3],
                          [3,3,3,3,0,3],
                          [3,3,3,3,3,0]]}

Combo #43,369,688 (8-8-7-31-7) has a score of 29.554
[[[2,4],[1,4],[1,2],[0,4],[2,3],[1,5],[0,3],[0,5],[3,5]],
 [[1,4],[1,3],[3,4],[0,1],[4,5],[2,3],[0,5],[0,2],[2,5]],
 [[0,2],[0,4],[2,4],[0,3],[1,2],[4,5],[1,3],[3,5],[1,5]],
 [[2,3],[2,5],[3,5],[1,2],[3,4],[0,5],[1,4],[0,1],[0,4]],
 [[0,1],[0,3],[1,3],[0,2],[1,5],[3,4],[2,5],[2,4],[4,5]]]
{"earlyWeeksByTeam"    : [2,3,3,3,3,1],
 "lateWeeksByTeam"     : [3,2,2,2,2,4],
 "doubleHeadersByTeam" : [5,3,3,3,3,3],
 "totalSlotsByTeam"    : [22,24,23,25,23,23],
 "teamMatchups"        : [[0,3,3,3,3,3],
                          [3,0,3,3,3,3],
                          [3,3,0,3,3,3],
                          [3,3,3,0,3,3],
                          [3,3,3,3,0,3],
                          [3,3,3,3,3,0]]}

Combo #45,913,329 (8-31-7-31-32) has a score of 29.554
[[[2,4],[1,4],[1,2],[0,4],[2,3],[1,5],[0,3],[0,5],[3,5]],
 [[3,4],[1,3],[1,4],[2,3],[4,5],[0,1],[2,5],[0,2],[0,5]],
 [[0,2],[0,4],[2,4],[0,3],[1,2],[4,5],[1,3],[3,5],[1,5]],
 [[2,3],[2,5],[3,5],[1,2],[3,4],[0,5],[1,4],[0,1],[0,4]],
 [[1,3],[0,3],[0,1],[3,4],[1,5],[0,2],[4,5],[2,4],[2,5]]]
{"earlyWeeksByTeam"    : [2,3,3,3,3,1],
 "lateWeeksByTeam"     : [3,2,2,2,2,4],
 "doubleHeadersByTeam" : [5,3,3,3,3,3],
 "totalSlotsByTeam"    : [22,25,23,23,24,23],
 "teamMatchups"        : [[0,3,3,3,3,3],
                          [3,0,3,3,3,3],
                          [3,3,0,3,3,3],
                          [3,3,3,0,3,3],
                          [3,3,3,3,0,3],
                          [3,3,3,3,3,0]]}

Combo #46,023,896 (8-32-7-31-7) has a score of 29.554
[[[2,4],[1,4],[1,2],[0,4],[2,3],[1,5],[0,3],[0,5],[3,5]],
 [[2,5],[0,2],[0,5],[2,3],[4,5],[0,1],[3,4],[1,3],[1,4]],
 [[0,2],[0,4],[2,4],[0,3],[1,2],[4,5],[1,3],[3,5],[1,5]],
 [[2,3],[2,5],[3,5],[1,2],[3,4],[0,5],[1,4],[0,1],[0,4]],
 [[0,1],[0,3],[1,3],[0,2],[1,5],[3,4],[2,5],[2,4],[4,5]]]
{"earlyWeeksByTeam"    : [3,2,4,2,2,2],
 "lateWeeksByTeam"     : [2,3,1,3,3,3],
 "doubleHeadersByTeam" : [5,3,3,3,3,3],
 "totalSlotsByTeam"    : [22,24,23,25,23,23],
 "teamMatchups"        : [[0,3,3,3,3,3],
                          [3,0,3,3,3,3],
                          [3,3,0,3,3,3],
                          [3,3,3,0,3,3],
                          [3,3,3,3,0,3],
                          [3,3,3,3,3,0]]}

Combo #46,078,040 (8-32-31-7-7) has a score of 29.554
[[[2,4],[1,4],[1,2],[0,4],[2,3],[1,5],[0,3],[0,5],[3,5]],
 [[2,5],[0,2],[0,5],[2,3],[4,5],[0,1],[3,4],[1,3],[1,4]],
 [[1,5],[3,5],[1,3],[4,5],[1,2],[0,3],[2,4],[0,4],[0,2]],
 [[0,4],[0,1],[1,4],[0,5],[3,4],[1,2],[3,5],[2,5],[2,3]],
 [[0,1],[0,3],[1,3],[0,2],[1,5],[3,4],[2,5],[2,4],[4,5]]]
{"earlyWeeksByTeam"    : [3,4,2,2,2,2],
 "lateWeeksByTeam"     : [2,1,3,3,3,3],
 "doubleHeadersByTeam" : [5,3,3,3,3,3],
 "totalSlotsByTeam"    : [22,24,23,25,23,23],
 "teamMatchups"        : [[0,3,3,3,3,3],
                          [3,0,3,3,3,3],
                          [3,3,0,3,3,3],
                          [3,3,3,0,3,3],
                          [3,3,3,3,0,3],
                          [3,3,3,3,3,0]]}

Combo #46,078,064 (8-32-31-7-31) has a score of 29.554
[[[2,4],[1,4],[1,2],[0,4],[2,3],[1,5],[0,3],[0,5],[3,5]],
 [[2,5],[0,2],[0,5],[2,3],[4,5],[0,1],[3,4],[1,3],[1,4]],
 [[1,5],[3,5],[1,3],[4,5],[1,2],[0,3],[2,4],[0,4],[0,2]],
 [[0,4],[0,1],[1,4],[0,5],[3,4],[1,2],[3,5],[2,5],[2,3]],
 [[4,5],[2,4],[2,5],[3,4],[1,5],[0,2],[1,3],[0,3],[0,1]]]
{"earlyWeeksByTeam"    : [2,3,3,1,3,3],
 "lateWeeksByTeam"     : [3,2,2,4,2,2],
 "doubleHeadersByTeam" : [5,3,3,3,3,3],
 "totalSlotsByTeam"    : [22,24,23,25,23,23],
 "teamMatchups"        : [[0,3,3,3,3,3],
                          [3,0,3,3,3,3],
                          [3,3,0,3,3,3],
                          [3,3,3,0,3,3],
                          [3,3,3,3,0,3],
                          [3,3,3,3,3,0]]}

Combo #46,079,192 (8-32-31-31-7) has a score of 29.554
[[[2,4],[1,4],[1,2],[0,4],[2,3],[1,5],[0,3],[0,5],[3,5]],
 [[2,5],[0,2],[0,5],[2,3],[4,5],[0,1],[3,4],[1,3],[1,4]],
 [[1,5],[3,5],[1,3],[4,5],[1,2],[0,3],[2,4],[0,4],[0,2]],
 [[2,3],[2,5],[3,5],[1,2],[3,4],[0,5],[1,4],[0,1],[0,4]],
 [[0,1],[0,3],[1,3],[0,2],[1,5],[3,4],[2,5],[2,4],[4,5]]]
{"earlyWeeksByTeam"    : [2,3,3,3,1,3],
 "lateWeeksByTeam"     : [3,2,2,2,4,2],
 "doubleHeadersByTeam" : [5,3,3,3,3,3],
 "totalSlotsByTeam"    : [22,24,23,25,23,23],
 "teamMatchups"        : [[0,3,3,3,3,3],
                          [3,0,3,3,3,3],
                          [3,3,0,3,3,3],
                          [3,3,3,0,3,3],
                          [3,3,3,3,0,3],
                          [3,3,3,3,3,0]]}

Combo #79,967,014 (15-3-3-43-21) has a score of 29.554
[[[1,4],[2,4],[1,2],[0,4],[1,5],[2,3],[0,5],[0,3],[3,5]],
 [[0,2],[0,5],[2,5],[0,1],[2,3],[4,5],[1,3],[1,4],[3,4]],
 [[0,4],[0,2],[2,4],[0,3],[4,5],[1,2],[3,5],[1,3],[1,5]],
 [[2,3],[3,5],[2,5],[3,4],[1,2],[0,5],[1,4],[0,4],[0,1]],
 [[1,3],[0,1],[0,3],[1,5],[3,4],[0,2],[4,5],[2,5],[2,4]]]
{"earlyWeeksByTeam"    : [3,2,4,2,2,2],
 "lateWeeksByTeam"     : [2,3,1,3,3,3],
 "doubleHeadersByTeam" : [5,3,3,3,3,3],
 "totalSlotsByTeam"    : [22,23,24,23,23,25],
 "teamMatchups"        : [[0,3,3,3,3,3],
                          [3,0,3,3,3,3],
                          [3,3,0,3,3,3],
                          [3,3,3,0,3,3],
                          [3,3,3,3,0,3],
                          [3,3,3,3,3,0]]}

Combo #80,057,248 (15-3-43-3-15) has a score of 29.554
[[[1,4],[2,4],[1,2],[0,4],[1,5],[2,3],[0,5],[0,3],[3,5]],
 [[0,2],[0,5],[2,5],[0,1],[2,3],[4,5],[1,3],[1,4],[3,4]],
 [[1,5],[1,3],[3,5],[1,2],[4,5],[0,3],[2,4],[0,2],[0,4]],
 [[0,1],[0,4],[1,4],[0,5],[1,2],[3,4],[2,5],[3,5],[2,3]],
 [[2,4],[2,5],[4,5],[0,2],[3,4],[1,5],[0,3],[0,1],[1,3]]]
{"earlyWeeksByTeam"    : [2,3,3,1,3,3],
 "lateWeeksByTeam"     : [3,2,2,4,2,2],
 "doubleHeadersByTeam" : [5,3,3,3,3,3],
 "totalSlotsByTeam"    : [22,23,24,23,23,25],
 "teamMatchups"        : [[0,3,3,3,3,3],
                          [3,0,3,3,3,3],
                          [3,3,0,3,3,3],
                          [3,3,3,0,3,3],
                          [3,3,3,3,0,3],
                          [3,3,3,3,3,0]]}

Combo #80,057,254 (15-3-43-3-21) has a score of 29.554
[[[1,4],[2,4],[1,2],[0,4],[1,5],[2,3],[0,5],[0,3],[3,5]],
 [[0,2],[0,5],[2,5],[0,1],[2,3],[4,5],[1,3],[1,4],[3,4]],
 [[1,5],[1,3],[3,5],[1,2],[4,5],[0,3],[2,4],[0,2],[0,4]],
 [[0,1],[0,4],[1,4],[0,5],[1,2],[3,4],[2,5],[3,5],[2,3]],
 [[1,3],[0,1],[0,3],[1,5],[3,4],[0,2],[4,5],[2,5],[2,4]]]
{"earlyWeeksByTeam"    : [3,4,2,2,2,2],
 "lateWeeksByTeam"     : [2,1,3,3,3,3],
 "doubleHeadersByTeam" : [5,3,3,3,3,3],
 "totalSlotsByTeam"    : [22,23,24,23,23,25],
 "teamMatchups"        : [[0,3,3,3,3,3],
                          [3,0,3,3,3,3],
                          [3,3,0,3,3,3],
                          [3,3,3,0,3,3],
                          [3,3,3,3,0,3],
                          [3,3,3,3,3,0]]}

Combo #80,059,174 (15-3-43-43-21) has a score of 29.554
[[[1,4],[2,4],[1,2],[0,4],[1,5],[2,3],[0,5],[0,3],[3,5]],
 [[0,2],[0,5],[2,5],[0,1],[2,3],[4,5],[1,3],[1,4],[3,4]],
 [[1,5],[1,3],[3,5],[1,2],[4,5],[0,3],[2,4],[0,2],[0,4]],
 [[2,3],[3,5],[2,5],[3,4],[1,2],[0,5],[1,4],[0,4],[0,1]],
 [[1,3],[0,1],[0,3],[1,5],[3,4],[0,2],[4,5],[2,5],[2,4]]]
{"earlyWeeksByTeam"    : [2,3,3,3,1,3],
 "lateWeeksByTeam"     : [3,2,2,2,4,2],
 "doubleHeadersByTeam" : [5,3,3,3,3,3],
 "totalSlotsByTeam"    : [22,23,24,23,23,25],
 "teamMatchups"        : [[0,3,3,3,3,3],
                          [3,0,3,3,3,3],
                          [3,3,0,3,3,3],
                          [3,3,3,0,3,3],
                          [3,3,3,3,0,3],
                          [3,3,3,3,3,0]]}

Combo #81,294,100 (15-15-3-43-3) has a score of 29.554
[[[1,4],[2,4],[1,2],[0,4],[1,5],[2,3],[0,5],[0,3],[3,5]],
 [[1,3],[1,4],[3,4],[0,1],[2,3],[4,5],[0,2],[0,5],[2,5]],
 [[0,4],[0,2],[2,4],[0,3],[4,5],[1,2],[3,5],[1,3],[1,5]],
 [[2,3],[3,5],[2,5],[3,4],[1,2],[0,5],[1,4],[0,4],[0,1]],
 [[0,3],[0,1],[1,3],[0,2],[3,4],[1,5],[2,4],[2,5],[4,5]]]
{"earlyWeeksByTeam"    : [2,3,3,3,3,1],
 "lateWeeksByTeam"     : [3,2,2,2,2,4],
 "doubleHeadersByTeam" : [5,3,3,3,3,3],
 "totalSlotsByTeam"    : [22,23,25,23,24,23],
 "teamMatchups"        : [[0,3,3,3,3,3],
                          [3,0,3,3,3,3],
                          [3,3,0,3,3,3],
                          [3,3,3,0,3,3],
                          [3,3,3,3,0,3],
                          [3,3,3,3,3,0]]}

Combo #81,957,652 (15-21-3-43-3) has a score of 29.554
[[[1,4],[2,4],[1,2],[0,4],[1,5],[2,3],[0,5],[0,3],[3,5]],
 [[2,5],[0,5],[0,2],[4,5],[2,3],[0,1],[3,4],[1,4],[1,3]],
 [[0,4],[0,2],[2,4],[0,3],[4,5],[1,2],[3,5],[1,3],[1,5]],
 [[2,3],[3,5],[2,5],[3,4],[1,2],[0,5],[1,4],[0,4],[0,1]],
 [[0,3],[0,1],[1,3],[0,2],[3,4],[1,5],[2,4],[2,5],[4,5]]]
{"earlyWeeksByTeam"    : [3,2,4,2,2,2],
 "lateWeeksByTeam"     : [2,3,1,3,3,3],
 "doubleHeadersByTeam" : [5,3,3,3,3,3],
 "totalSlotsByTeam"    : [22,23,25,23,24,23],
 "teamMatchups"        : [[0,3,3,3,3,3],
                          [3,0,3,3,3,3],
                          [3,3,0,3,3,3],
                          [3,3,3,0,3,3],
                          [3,3,3,3,0,3],
                          [3,3,3,3,3,0]]}

Combo #82,047,892 (15-21-43-3-3) has a score of 29.554
[[[1,4],[2,4],[1,2],[0,4],[1,5],[2,3],[0,5],[0,3],[3,5]],
 [[2,5],[0,5],[0,2],[4,5],[2,3],[0,1],[3,4],[1,4],[1,3]],
 [[1,5],[1,3],[3,5],[1,2],[4,5],[0,3],[2,4],[0,2],[0,4]],
 [[0,1],[0,4],[1,4],[0,5],[1,2],[3,4],[2,5],[3,5],[2,3]],
 [[0,3],[0,1],[1,3],[0,2],[3,4],[1,5],[2,4],[2,5],[4,5]]]
{"earlyWeeksByTeam"    : [3,4,2,2,2,2],
 "lateWeeksByTeam"     : [2,1,3,3,3,3],
 "doubleHeadersByTeam" : [5,3,3,3,3,3],
 "totalSlotsByTeam"    : [22,23,25,23,24,23],
 "teamMatchups"        : [[0,3,3,3,3,3],
                          [3,0,3,3,3,3],
                          [3,3,0,3,3,3],
                          [3,3,3,0,3,3],
                          [3,3,3,3,0,3],
                          [3,3,3,3,3,0]]}

Combo #82,047,932 (15-21-43-3-43) has a score of 29.554
[[[1,4],[2,4],[1,2],[0,4],[1,5],[2,3],[0,5],[0,3],[3,5]],
 [[2,5],[0,5],[0,2],[4,5],[2,3],[0,1],[3,4],[1,4],[1,3]],
 [[1,5],[1,3],[3,5],[1,2],[4,5],[0,3],[2,4],[0,2],[0,4]],
 [[0,1],[0,4],[1,4],[0,5],[1,2],[3,4],[2,5],[3,5],[2,3]],
 [[4,5],[2,5],[2,4],[1,5],[3,4],[0,2],[1,3],[0,1],[0,3]]]
{"earlyWeeksByTeam"    : [2,3,3,1,3,3],
 "lateWeeksByTeam"     : [3,2,2,4,2,2],
 "doubleHeadersByTeam" : [5,3,3,3,3,3],
 "totalSlotsByTeam"    : [22,23,25,23,24,23],
 "teamMatchups"        : [[0,3,3,3,3,3],
                          [3,0,3,3,3,3],
                          [3,3,0,3,3,3],
                          [3,3,3,0,3,3],
                          [3,3,3,3,0,3],
                          [3,3,3,3,3,0]]}

Combo #82,049,812 (15-21-43-43-3) has a score of 29.554
[[[1,4],[2,4],[1,2],[0,4],[1,5],[2,3],[0,5],[0,3],[3,5]],
 [[2,5],[0,5],[0,2],[4,5],[2,3],[0,1],[3,4],[1,4],[1,3]],
 [[1,5],[1,3],[3,5],[1,2],[4,5],[0,3],[2,4],[0,2],[0,4]],
 [[2,3],[3,5],[2,5],[3,4],[1,2],[0,5],[1,4],[0,4],[0,1]],
 [[0,3],[0,1],[1,3],[0,2],[3,4],[1,5],[2,4],[2,5],[4,5]]]
{"earlyWeeksByTeam"    : [2,3,3,3,1,3],
 "lateWeeksByTeam"     : [3,2,2,2,4,2],
 "doubleHeadersByTeam" : [5,3,3,3,3,3],
 "totalSlotsByTeam"    : [22,23,25,23,24,23],
 "teamMatchups"        : [[0,3,3,3,3,3],
                          [3,0,3,3,3,3],
                          [3,3,0,3,3,3],
                          [3,3,3,0,3,3],
                          [3,3,3,3,0,3],
                          [3,3,3,3,3,0]]}

Combo #84,390,694 (15-43-3-43-21) has a score of 29.554
[[[1,4],[2,4],[1,2],[0,4],[1,5],[2,3],[0,5],[0,3],[3,5]],
 [[3,4],[1,4],[1,3],[4,5],[2,3],[0,1],[2,5],[0,5],[0,2]],
 [[0,4],[0,2],[2,4],[0,3],[4,5],[1,2],[3,5],[1,3],[1,5]],
 [[2,3],[3,5],[2,5],[3,4],[1,2],[0,5],[1,4],[0,4],[0,1]],
 [[1,3],[0,1],[0,3],[1,5],[3,4],[0,2],[4,5],[2,5],[2,4]]]
{"earlyWeeksByTeam"    : [2,3,3,3,3,1],
 "lateWeeksByTeam"     : [3,2,2,2,2,4],
 "doubleHeadersByTeam" : [5,3,3,3,3,3],
 "totalSlotsByTeam"    : [22,23,24,23,23,25],
 "teamMatchups"        : [[0,3,3,3,3,3],
                          [3,0,3,3,3,3],
                          [3,3,0,3,3,3],
                          [3,3,3,0,3,3],
                          [3,3,3,3,0,3],
                          [3,3,3,3,3,0]]}

Combo #111,907,744 (21-3-43-3-15) has a score of 29.554
[[[3,5],[0,3],[0,5],[2,3],[1,5],[0,4],[1,2],[2,4],[1,4]],
 [[0,2],[0,5],[2,5],[0,1],[2,3],[4,5],[1,3],[1,4],[3,4]],
 [[1,5],[1,3],[3,5],[1,2],[4,5],[0,3],[2,4],[0,2],[0,4]],
 [[0,1],[0,4],[1,4],[0,5],[1,2],[3,4],[2,5],[3,5],[2,3]],
 [[2,4],[2,5],[4,5],[0,2],[3,4],[1,5],[0,3],[0,1],[1,3]]]
{"earlyWeeksByTeam"    : [3,2,2,2,2,4],
 "lateWeeksByTeam"     : [2,3,3,3,3,1],
 "doubleHeadersByTeam" : [5,3,3,3,3,3],
 "totalSlotsByTeam"    : [22,23,24,23,23,25],
 "teamMatchups"        : [[0,3,3,3,3,3],
                          [3,0,3,3,3,3],
                          [3,3,0,3,3,3],
                          [3,3,3,0,3,3],
                          [3,3,3,3,0,3],
                          [3,3,3,3,3,0]]}

Combo #113,142,716 (21-15-3-3-43) has a score of 29.554
[[[3,5],[0,3],[0,5],[2,3],[1,5],[0,4],[1,2],[2,4],[1,4]],
 [[1,3],[1,4],[3,4],[0,1],[2,3],[4,5],[0,2],[0,5],[2,5]],
 [[0,4],[0,2],[2,4],[0,3],[4,5],[1,2],[3,5],[1,3],[1,5]],
 [[0,1],[0,4],[1,4],[0,5],[1,2],[3,4],[2,5],[3,5],[2,3]],
 [[4,5],[2,5],[2,4],[1,5],[3,4],[0,2],[1,3],[0,1],[0,3]]]
{"earlyWeeksByTeam"    : [3,2,2,2,4,2],
 "lateWeeksByTeam"     : [2,3,3,3,1,3],
 "doubleHeadersByTeam" : [5,3,3,3,3,3],
 "totalSlotsByTeam"    : [22,23,25,23,24,23],
 "teamMatchups"        : [[0,3,3,3,3,3],
                          [3,0,3,3,3,3],
                          [3,3,0,3,3,3],
                          [3,3,3,0,3,3],
                          [3,3,3,3,0,3],
                          [3,3,3,3,3,0]]}

Combo #113,144,596 (21-15-3-43-3) has a score of 29.554
[[[3,5],[0,3],[0,5],[2,3],[1,5],[0,4],[1,2],[2,4],[1,4]],
 [[1,3],[1,4],[3,4],[0,1],[2,3],[4,5],[0,2],[0,5],[2,5]],
 [[0,4],[0,2],[2,4],[0,3],[4,5],[1,2],[3,5],[1,3],[1,5]],
 [[2,3],[3,5],[2,5],[3,4],[1,2],[0,5],[1,4],[0,4],[0,1]],
 [[0,3],[0,1],[1,3],[0,2],[3,4],[1,5],[2,4],[2,5],[4,5]]]
{"earlyWeeksByTeam"    : [3,2,2,4,2,2],
 "lateWeeksByTeam"     : [2,3,3,1,3,3],
 "doubleHeadersByTeam" : [5,3,3,3,3,3],
 "totalSlotsByTeam"    : [22,23,25,23,24,23],
 "teamMatchups"        : [[0,3,3,3,3,3],
                          [3,0,3,3,3,3],
                          [3,3,0,3,3,3],
                          [3,3,3,0,3,3],
                          [3,3,3,3,0,3],
                          [3,3,3,3,3,0]]}

Combo #113,144,636 (21-15-3-43-43) has a score of 29.554
[[[3,5],[0,3],[0,5],[2,3],[1,5],[0,4],[1,2],[2,4],[1,4]],
 [[1,3],[1,4],[3,4],[0,1],[2,3],[4,5],[0,2],[0,5],[2,5]],
 [[0,4],[0,2],[2,4],[0,3],[4,5],[1,2],[3,5],[1,3],[1,5]],
 [[2,3],[3,5],[2,5],[3,4],[1,2],[0,5],[1,4],[0,4],[0,1]],
 [[4,5],[2,5],[2,4],[1,5],[3,4],[0,2],[1,3],[0,1],[0,3]]]
{"earlyWeeksByTeam"    : [2,1,3,3,3,3],
 "lateWeeksByTeam"     : [3,4,2,2,2,2],
 "doubleHeadersByTeam" : [5,3,3,3,3,3],
 "totalSlotsByTeam"    : [22,23,25,23,24,23],
 "teamMatchups"        : [[0,3,3,3,3,3],
                          [3,0,3,3,3,3],
                          [3,3,0,3,3,3],
                          [3,3,3,0,3,3],
                          [3,3,3,3,0,3],
                          [3,3,3,3,3,0]]}

Combo #113,234,876 (21-15-43-3-43) has a score of 29.554
[[[3,5],[0,3],[0,5],[2,3],[1,5],[0,4],[1,2],[2,4],[1,4]],
 [[1,3],[1,4],[3,4],[0,1],[2,3],[4,5],[0,2],[0,5],[2,5]],
 [[1,5],[1,3],[3,5],[1,2],[4,5],[0,3],[2,4],[0,2],[0,4]],
 [[0,1],[0,4],[1,4],[0,5],[1,2],[3,4],[2,5],[3,5],[2,3]],
 [[4,5],[2,5],[2,4],[1,5],[3,4],[0,2],[1,3],[0,1],[0,3]]]
{"earlyWeeksByTeam"    : [2,3,1,3,3,3],
 "lateWeeksByTeam"     : [3,2,4,2,2,2],
 "doubleHeadersByTeam" : [5,3,3,3,3,3],
 "totalSlotsByTeam"    : [22,23,25,23,24,23],
 "teamMatchups"        : [[0,3,3,3,3,3],
                          [3,0,3,3,3,3],
                          [3,3,0,3,3,3],
                          [3,3,3,0,3,3],
                          [3,3,3,3,0,3],
                          [3,3,3,3,3,0]]}

Combo #113,898,428 (21-21-43-3-43) has a score of 29.554
[[[3,5],[0,3],[0,5],[2,3],[1,5],[0,4],[1,2],[2,4],[1,4]],
 [[2,5],[0,5],[0,2],[4,5],[2,3],[0,1],[3,4],[1,4],[1,3]],
 [[1,5],[1,3],[3,5],[1,2],[4,5],[0,3],[2,4],[0,2],[0,4]],
 [[0,1],[0,4],[1,4],[0,5],[1,2],[3,4],[2,5],[3,5],[2,3]],
 [[4,5],[2,5],[2,4],[1,5],[3,4],[0,2],[1,3],[0,1],[0,3]]]
{"earlyWeeksByTeam"    : [3,2,2,2,2,4],
 "lateWeeksByTeam"     : [2,3,3,3,3,1],
 "doubleHeadersByTeam" : [5,3,3,3,3,3],
 "totalSlotsByTeam"    : [22,23,25,23,24,23],
 "teamMatchups"        : [[0,3,3,3,3,3],
                          [3,0,3,3,3,3],
                          [3,3,0,3,3,3],
                          [3,3,3,0,3,3],
                          [3,3,3,3,0,3],
                          [3,3,3,3,3,0]]}

Combo #116,239,264 (21-43-3-3-15) has a score of 29.554
[[[3,5],[0,3],[0,5],[2,3],[1,5],[0,4],[1,2],[2,4],[1,4]],
 [[3,4],[1,4],[1,3],[4,5],[2,3],[0,1],[2,5],[0,5],[0,2]],
 [[0,4],[0,2],[2,4],[0,3],[4,5],[1,2],[3,5],[1,3],[1,5]],
 [[0,1],[0,4],[1,4],[0,5],[1,2],[3,4],[2,5],[3,5],[2,3]],
 [[2,4],[2,5],[4,5],[0,2],[3,4],[1,5],[0,3],[0,1],[1,3]]]
{"earlyWeeksByTeam"    : [3,2,2,2,4,2],
 "lateWeeksByTeam"     : [2,3,3,3,1,3],
 "doubleHeadersByTeam" : [5,3,3,3,3,3],
 "totalSlotsByTeam"    : [22,23,24,23,23,25],
 "teamMatchups"        : [[0,3,3,3,3,3],
                          [3,0,3,3,3,3],
                          [3,3,0,3,3,3],
                          [3,3,3,0,3,3],
                          [3,3,3,3,0,3],
                          [3,3,3,3,3,0]]}

Combo #116,241,184 (21-43-3-43-15) has a score of 29.554
[[[3,5],[0,3],[0,5],[2,3],[1,5],[0,4],[1,2],[2,4],[1,4]],
 [[3,4],[1,4],[1,3],[4,5],[2,3],[0,1],[2,5],[0,5],[0,2]],
 [[0,4],[0,2],[2,4],[0,3],[4,5],[1,2],[3,5],[1,3],[1,5]],
 [[2,3],[3,5],[2,5],[3,4],[1,2],[0,5],[1,4],[0,4],[0,1]],
 [[2,4],[2,5],[4,5],[0,2],[3,4],[1,5],[0,3],[0,1],[1,3]]]
{"earlyWeeksByTeam"    : [2,1,3,3,3,3],
 "lateWeeksByTeam"     : [3,4,2,2,2,2],
 "doubleHeadersByTeam" : [5,3,3,3,3,3],
 "totalSlotsByTeam"    : [22,23,24,23,23,25],
 "teamMatchups"        : [[0,3,3,3,3,3],
                          [3,0,3,3,3,3],
                          [3,3,0,3,3,3],
                          [3,3,3,0,3,3],
                          [3,3,3,3,0,3],
                          [3,3,3,3,3,0]]}

Combo #116,241,190 (21-43-3-43-21) has a score of 29.554
[[[3,5],[0,3],[0,5],[2,3],[1,5],[0,4],[1,2],[2,4],[1,4]],
 [[3,4],[1,4],[1,3],[4,5],[2,3],[0,1],[2,5],[0,5],[0,2]],
 [[0,4],[0,2],[2,4],[0,3],[4,5],[1,2],[3,5],[1,3],[1,5]],
 [[2,3],[3,5],[2,5],[3,4],[1,2],[0,5],[1,4],[0,4],[0,1]],
 [[1,3],[0,1],[0,3],[1,5],[3,4],[0,2],[4,5],[2,5],[2,4]]]
{"earlyWeeksByTeam"    : [3,2,2,4,2,2],
 "lateWeeksByTeam"     : [2,3,3,1,3,3],
 "doubleHeadersByTeam" : [5,3,3,3,3,3],
 "totalSlotsByTeam"    : [22,23,24,23,23,25],
 "teamMatchups"        : [[0,3,3,3,3,3],
                          [3,0,3,3,3,3],
                          [3,3,0,3,3,3],
                          [3,3,3,0,3,3],
                          [3,3,3,3,0,3],
                          [3,3,3,3,3,0]]}

Combo #116,331,424 (21-43-43-3-15) has a score of 29.554
[[[3,5],[0,3],[0,5],[2,3],[1,5],[0,4],[1,2],[2,4],[1,4]],
 [[3,4],[1,4],[1,3],[4,5],[2,3],[0,1],[2,5],[0,5],[0,2]],
 [[1,5],[1,3],[3,5],[1,2],[4,5],[0,3],[2,4],[0,2],[0,4]],
 [[0,1],[0,4],[1,4],[0,5],[1,2],[3,4],[2,5],[3,5],[2,3]],
 [[2,4],[2,5],[4,5],[0,2],[3,4],[1,5],[0,3],[0,1],[1,3]]]
{"earlyWeeksByTeam"    : [2,3,1,3,3,3],
 "lateWeeksByTeam"     : [3,2,4,2,2,2],
 "doubleHeadersByTeam" : [5,3,3,3,3,3],
 "totalSlotsByTeam"    : [22,23,24,23,23,25],
 "teamMatchups"        : [[0,3,3,3,3,3],
                          [3,0,3,3,3,3],
                          [3,3,0,3,3,3],
                          [3,3,3,0,3,3],
                          [3,3,3,3,0,3],
                          [3,3,3,3,3,0]]}

Combo #165,351,585 (31-7-7-8-32) has a score of 29.554
[[[1,2],[1,4],[2,4],[1,5],[2,3],[0,4],[3,5],[0,5],[0,3]],
 [[0,5],[0,2],[2,5],[0,1],[4,5],[2,3],[1,4],[1,3],[3,4]],
 [[0,2],[0,4],[2,4],[0,3],[1,2],[4,5],[1,3],[3,5],[1,5]],
 [[3,5],[2,5],[2,3],[0,5],[3,4],[1,2],[0,4],[0,1],[1,4]],
 [[1,3],[0,3],[0,1],[3,4],[1,5],[0,2],[4,5],[2,4],[2,5]]]
{"earlyWeeksByTeam"    : [3,2,4,2,2,2],
 "lateWeeksByTeam"     : [2,3,1,3,3,3],
 "doubleHeadersByTeam" : [5,3,3,3,3,3],
 "totalSlotsByTeam"    : [22,23,24,23,25,23],
 "teamMatchups"        : [[0,3,3,3,3,3],
                          [3,0,3,3,3,3],
                          [3,3,0,3,3,3],
                          [3,3,3,0,3,3],
                          [3,3,3,3,0,3],
                          [3,3,3,3,3,0]]}

Combo #165,353,864 (31-7-8-8-7) has a score of 29.554
[[[1,2],[1,4],[2,4],[1,5],[2,3],[0,4],[3,5],[0,5],[0,3]],
 [[0,5],[0,2],[2,5],[0,1],[4,5],[2,3],[1,4],[1,3],[3,4]],
 [[1,3],[3,5],[1,5],[0,3],[1,2],[4,5],[0,2],[0,4],[2,4]],
 [[3,5],[2,5],[2,3],[0,5],[3,4],[1,2],[0,4],[0,1],[1,4]],
 [[0,1],[0,3],[1,3],[0,2],[1,5],[3,4],[2,5],[2,4],[4,5]]]
{"earlyWeeksByTeam"    : [2,3,3,3,1,3],
 "lateWeeksByTeam"     : [3,2,2,2,4,2],
 "doubleHeadersByTeam" : [5,3,3,3,3,3],
 "totalSlotsByTeam"    : [22,23,25,23,23,24],
 "teamMatchups"        : [[0,3,3,3,3,3],
                          [3,0,3,3,3,3],
                          [3,3,0,3,3,3],
                          [3,3,3,0,3,3],
                          [3,3,3,3,0,3],
                          [3,3,3,3,3,0]]}

Combo #165,355,016 (31-7-8-32-7) has a score of 29.554
[[[1,2],[1,4],[2,4],[1,5],[2,3],[0,4],[3,5],[0,5],[0,3]],
 [[0,5],[0,2],[2,5],[0,1],[4,5],[2,3],[1,4],[1,3],[3,4]],
 [[1,3],[3,5],[1,5],[0,3],[1,2],[4,5],[0,2],[0,4],[2,4]],
 [[1,4],[0,1],[0,4],[1,2],[3,4],[0,5],[2,3],[2,5],[3,5]],
 [[0,1],[0,3],[1,3],[0,2],[1,5],[3,4],[2,5],[2,4],[4,5]]]
{"earlyWeeksByTeam"    : [3,4,2,2,2,2],
 "lateWeeksByTeam"     : [2,1,3,3,3,3],
 "doubleHeadersByTeam" : [5,3,3,3,3,3],
 "totalSlotsByTeam"    : [22,23,25,23,23,24],
 "teamMatchups"        : [[0,3,3,3,3,3],
                          [3,0,3,3,3,3],
                          [3,3,0,3,3,3],
                          [3,3,3,0,3,3],
                          [3,3,3,3,0,3],
                          [3,3,3,3,3,0]]}

Combo #165,355,040 (31-7-8-32-31) has a score of 29.554
[[[1,2],[1,4],[2,4],[1,5],[2,3],[0,4],[3,5],[0,5],[0,3]],
 [[0,5],[0,2],[2,5],[0,1],[4,5],[2,3],[1,4],[1,3],[3,4]],
 [[1,3],[3,5],[1,5],[0,3],[1,2],[4,5],[0,2],[0,4],[2,4]],
 [[1,4],[0,1],[0,4],[1,2],[3,4],[0,5],[2,3],[2,5],[3,5]],
 [[4,5],[2,4],[2,5],[3,4],[1,5],[0,2],[1,3],[0,3],[0,1]]]
{"earlyWeeksByTeam"    : [2,3,3,1,3,3],
 "lateWeeksByTeam"     : [3,2,2,4,2,2],
 "doubleHeadersByTeam" : [5,3,3,3,3,3],
 "totalSlotsByTeam"    : [22,23,25,23,23,24],
 "teamMatchups"        : [[0,3,3,3,3,3],
                          [3,0,3,3,3,3],
                          [3,3,0,3,3,3],
                          [3,3,3,0,3,3],
                          [3,3,3,3,0,3],
                          [3,3,3,3,3,0]]}

Combo #165,406,881 (31-7-31-8-32) has a score of 29.554
[[[1,2],[1,4],[2,4],[1,5],[2,3],[0,4],[3,5],[0,5],[0,3]],
 [[0,5],[0,2],[2,5],[0,1],[4,5],[2,3],[1,4],[1,3],[3,4]],
 [[1,5],[3,5],[1,3],[4,5],[1,2],[0,3],[2,4],[0,4],[0,2]],
 [[3,5],[2,5],[2,3],[0,5],[3,4],[1,2],[0,4],[0,1],[1,4]],
 [[1,3],[0,3],[0,1],[3,4],[1,5],[0,2],[4,5],[2,4],[2,5]]]
{"earlyWeeksByTeam"    : [2,3,3,3,1,3],
 "lateWeeksByTeam"     : [3,2,2,2,4,2],
 "doubleHeadersByTeam" : [5,3,3,3,3,3],
 "totalSlotsByTeam"    : [22,23,24,23,25,23],
 "teamMatchups"        : [[0,3,3,3,3,3],
                          [3,0,3,3,3,3],
                          [3,3,0,3,3,3],
                          [3,3,3,0,3,3],
                          [3,3,3,3,0,3],
                          [3,3,3,3,3,0]]}

Combo #165,408,009 (31-7-31-32-8) has a score of 29.554
[[[1,2],[1,4],[2,4],[1,5],[2,3],[0,4],[3,5],[0,5],[0,3]],
 [[0,5],[0,2],[2,5],[0,1],[4,5],[2,3],[1,4],[1,3],[3,4]],
 [[1,5],[3,5],[1,3],[4,5],[1,2],[0,3],[2,4],[0,4],[0,2]],
 [[1,4],[0,1],[0,4],[1,2],[3,4],[0,5],[2,3],[2,5],[3,5]],
 [[2,5],[2,4],[4,5],[0,2],[1,5],[3,4],[0,1],[0,3],[1,3]]]
{"earlyWeeksByTeam"    : [2,3,3,1,3,3],
 "lateWeeksByTeam"     : [3,2,2,4,2,2],
 "doubleHeadersByTeam" : [5,3,3,3,3,3],
 "totalSlotsByTeam"    : [22,23,24,23,25,23],
 "teamMatchups"        : [[0,3,3,3,3,3],
                          [3,0,3,3,3,3],
                          [3,3,0,3,3,3],
                          [3,3,3,0,3,3],
                          [3,3,3,3,0,3],
                          [3,3,3,3,3,0]]}

Combo #165,408,033 (31-7-31-32-32) has a score of 29.554
[[[1,2],[1,4],[2,4],[1,5],[2,3],[0,4],[3,5],[0,5],[0,3]],
 [[0,5],[0,2],[2,5],[0,1],[4,5],[2,3],[1,4],[1,3],[3,4]],
 [[1,5],[3,5],[1,3],[4,5],[1,2],[0,3],[2,4],[0,4],[0,2]],
 [[1,4],[0,1],[0,4],[1,2],[3,4],[0,5],[2,3],[2,5],[3,5]],
 [[1,3],[0,3],[0,1],[3,4],[1,5],[0,2],[4,5],[2,4],[2,5]]]
{"earlyWeeksByTeam"    : [3,4,2,2,2,2],
 "lateWeeksByTeam"     : [2,1,3,3,3,3],
 "doubleHeadersByTeam" : [5,3,3,3,3,3],
 "totalSlotsByTeam"    : [22,23,24,23,25,23],
 "teamMatchups"        : [[0,3,3,3,3,3],
                          [3,0,3,3,3,3],
                          [3,3,0,3,3,3],
                          [3,3,3,0,3,3],
                          [3,3,3,3,0,3],
                          [3,3,3,3,3,0]]}

Combo #165,409,160 (31-7-32-8-7) has a score of 29.554
[[[1,2],[1,4],[2,4],[1,5],[2,3],[0,4],[3,5],[0,5],[0,3]],
 [[0,5],[0,2],[2,5],[0,1],[4,5],[2,3],[1,4],[1,3],[3,4]],
 [[2,4],[0,4],[0,2],[4,5],[1,2],[0,3],[1,5],[3,5],[1,3]],
 [[3,5],[2,5],[2,3],[0,5],[3,4],[1,2],[0,4],[0,1],[1,4]],
 [[0,1],[0,3],[1,3],[0,2],[1,5],[3,4],[2,5],[2,4],[4,5]]]
{"earlyWeeksByTeam"    : [3,2,4,2,2,2],
 "lateWeeksByTeam"     : [2,3,1,3,3,3],
 "doubleHeadersByTeam" : [5,3,3,3,3,3],
 "totalSlotsByTeam"    : [22,23,25,23,23,24],
 "teamMatchups"        : [[0,3,3,3,3,3],
                          [3,0,3,3,3,3],
                          [3,3,0,3,3,3],
                          [3,3,3,0,3,3],
                          [3,3,3,3,0,3],
                          [3,3,3,3,3,0]]}

Combo #165,520,856 (31-8-32-31-7) has a score of 29.554
[[[1,2],[1,4],[2,4],[1,5],[2,3],[0,4],[3,5],[0,5],[0,3]],
 [[1,4],[1,3],[3,4],[0,1],[4,5],[2,3],[0,5],[0,2],[2,5]],
 [[2,4],[0,4],[0,2],[4,5],[1,2],[0,3],[1,5],[3,5],[1,3]],
 [[2,3],[2,5],[3,5],[1,2],[3,4],[0,5],[1,4],[0,1],[0,4]],
 [[0,1],[0,3],[1,3],[0,2],[1,5],[3,4],[2,5],[2,4],[4,5]]]
{"earlyWeeksByTeam"    : [2,3,3,3,3,1],
 "lateWeeksByTeam"     : [3,2,2,2,2,4],
 "doubleHeadersByTeam" : [5,3,3,3,3,3],
 "totalSlotsByTeam"    : [22,23,23,24,23,25],
 "teamMatchups"        : [[0,3,3,3,3,3],
                          [3,0,3,3,3,3],
                          [3,3,0,3,3,3],
                          [3,3,3,0,3,3],
                          [3,3,3,3,0,3],
                          [3,3,3,3,3,0]]}

Combo #168,005,793 (31-31-7-8-32) has a score of 29.554
[[[1,2],[1,4],[2,4],[1,5],[2,3],[0,4],[3,5],[0,5],[0,3]],
 [[3,4],[1,3],[1,4],[2,3],[4,5],[0,1],[2,5],[0,2],[0,5]],
 [[0,2],[0,4],[2,4],[0,3],[1,2],[4,5],[1,3],[3,5],[1,5]],
 [[3,5],[2,5],[2,3],[0,5],[3,4],[1,2],[0,4],[0,1],[1,4]],
 [[1,3],[0,3],[0,1],[3,4],[1,5],[0,2],[4,5],[2,4],[2,5]]]
{"earlyWeeksByTeam"    : [2,3,3,3,3,1],
 "lateWeeksByTeam"     : [3,2,2,2,2,4],
 "doubleHeadersByTeam" : [5,3,3,3,3,3],
 "totalSlotsByTeam"    : [22,23,24,23,25,23],
 "teamMatchups"        : [[0,3,3,3,3,3],
                          [3,0,3,3,3,3],
                          [3,3,0,3,3,3],
                          [3,3,3,0,3,3],
                          [3,3,3,3,0,3],
                          [3,3,3,3,3,0]]}

Combo #168,063,368 (31-31-32-8-7) has a score of 29.554
[[[1,2],[1,4],[2,4],[1,5],[2,3],[0,4],[3,5],[0,5],[0,3]],
 [[3,4],[1,3],[1,4],[2,3],[4,5],[0,1],[2,5],[0,2],[0,5]],
 [[2,4],[0,4],[0,2],[4,5],[1,2],[0,3],[1,5],[3,5],[1,3]],
 [[3,5],[2,5],[2,3],[0,5],[3,4],[1,2],[0,4],[0,1],[1,4]],
 [[0,1],[0,3],[1,3],[0,2],[1,5],[3,4],[2,5],[2,4],[4,5]]]
{"earlyWeeksByTeam"    : [2,3,3,3,3,1],
 "lateWeeksByTeam"     : [3,2,2,2,2,4],
 "doubleHeadersByTeam" : [5,3,3,3,3,3],
 "totalSlotsByTeam"    : [22,23,25,23,23,24],
 "teamMatchups"        : [[0,3,3,3,3,3],
                          [3,0,3,3,3,3],
                          [3,3,0,3,3,3],
                          [3,3,3,0,3,3],
                          [3,3,3,3,0,3],
                          [3,3,3,3,3,0]]}

Combo #168,118,616 (31-32-8-7-7) has a score of 29.554
[[[1,2],[1,4],[2,4],[1,5],[2,3],[0,4],[3,5],[0,5],[0,3]],
 [[2,5],[0,2],[0,5],[2,3],[4,5],[0,1],[3,4],[1,3],[1,4]],
 [[1,3],[3,5],[1,5],[0,3],[1,2],[4,5],[0,2],[0,4],[2,4]],
 [[0,4],[0,1],[1,4],[0,5],[3,4],[1,2],[3,5],[2,5],[2,3]],
 [[0,1],[0,3],[1,3],[0,2],[1,5],[3,4],[2,5],[2,4],[4,5]]]
{"earlyWeeksByTeam"    : [3,4,2,2,2,2],
 "lateWeeksByTeam"     : [2,1,3,3,3,3],
 "doubleHeadersByTeam" : [5,3,3,3,3,3],
 "totalSlotsByTeam"    : [22,23,23,24,23,25],
 "teamMatchups"        : [[0,3,3,3,3,3],
                          [3,0,3,3,3,3],
                          [3,3,0,3,3,3],
                          [3,3,3,0,3,3],
                          [3,3,3,3,0,3],
                          [3,3,3,3,3,0]]}

Combo #168,118,640 (31-32-8-7-31) has a score of 29.554
[[[1,2],[1,4],[2,4],[1,5],[2,3],[0,4],[3,5],[0,5],[0,3]],
 [[2,5],[0,2],[0,5],[2,3],[4,5],[0,1],[3,4],[1,3],[1,4]],
 [[1,3],[3,5],[1,5],[0,3],[1,2],[4,5],[0,2],[0,4],[2,4]],
 [[0,4],[0,1],[1,4],[0,5],[3,4],[1,2],[3,5],[2,5],[2,3]],
 [[4,5],[2,4],[2,5],[3,4],[1,5],[0,2],[1,3],[0,3],[0,1]]]
{"earlyWeeksByTeam"    : [2,3,3,1,3,3],
 "lateWeeksByTeam"     : [3,2,2,4,2,2],
 "doubleHeadersByTeam" : [5,3,3,3,3,3],
 "totalSlotsByTeam"    : [22,23,23,24,23,25],
 "teamMatchups"        : [[0,3,3,3,3,3],
                          [3,0,3,3,3,3],
                          [3,3,0,3,3,3],
                          [3,3,3,0,3,3],
                          [3,3,3,3,0,3],
                          [3,3,3,3,3,0]]}

Combo #168,119,768 (31-32-8-31-7) has a score of 29.554
[[[1,2],[1,4],[2,4],[1,5],[2,3],[0,4],[3,5],[0,5],[0,3]],
 [[2,5],[0,2],[0,5],[2,3],[4,5],[0,1],[3,4],[1,3],[1,4]],
 [[1,3],[3,5],[1,5],[0,3],[1,2],[4,5],[0,2],[0,4],[2,4]],
 [[2,3],[2,5],[3,5],[1,2],[3,4],[0,5],[1,4],[0,1],[0,4]],
 [[0,1],[0,3],[1,3],[0,2],[1,5],[3,4],[2,5],[2,4],[4,5]]]
{"earlyWeeksByTeam"    : [2,3,3,3,1,3],
 "lateWeeksByTeam"     : [3,2,2,2,4,2],
 "doubleHeadersByTeam" : [5,3,3,3,3,3],
 "totalSlotsByTeam"    : [22,23,23,24,23,25],
 "teamMatchups"        : [[0,3,3,3,3,3],
                          [3,0,3,3,3,3],
                          [3,3,0,3,3,3],
                          [3,3,3,0,3,3],
                          [3,3,3,3,0,3],
                          [3,3,3,3,3,0]]}

Combo #168,175,064 (31-32-32-31-7) has a score of 29.554
[[[1,2],[1,4],[2,4],[1,5],[2,3],[0,4],[3,5],[0,5],[0,3]],
 [[2,5],[0,2],[0,5],[2,3],[4,5],[0,1],[3,4],[1,3],[1,4]],
 [[2,4],[0,4],[0,2],[4,5],[1,2],[0,3],[1,5],[3,5],[1,3]],
 [[2,3],[2,5],[3,5],[1,2],[3,4],[0,5],[1,4],[0,1],[0,4]],
 [[0,1],[0,3],[1,3],[0,2],[1,5],[3,4],[2,5],[2,4],[4,5]]]
{"earlyWeeksByTeam"    : [3,2,4,2,2,2],
 "lateWeeksByTeam"     : [2,3,1,3,3,3],
 "doubleHeadersByTeam" : [5,3,3,3,3,3],
 "totalSlotsByTeam"    : [22,23,23,24,23,25],
 "teamMatchups"        : [[0,3,3,3,3,3],
                          [3,0,3,3,3,3],
                          [3,3,0,3,3,3],
                          [3,3,3,0,3,3],
                          [3,3,3,3,0,3],
                          [3,3,3,3,3,0]]}

Combo #170,715,225 (32-7-31-7-8) has a score of 29.554
[[[3,5],[0,5],[0,3],[1,5],[2,3],[0,4],[1,2],[1,4],[2,4]],
 [[0,5],[0,2],[2,5],[0,1],[4,5],[2,3],[1,4],[1,3],[3,4]],
 [[1,5],[3,5],[1,3],[4,5],[1,2],[0,3],[2,4],[0,4],[0,2]],
 [[0,4],[0,1],[1,4],[0,5],[3,4],[1,2],[3,5],[2,5],[2,3]],
 [[2,5],[2,4],[4,5],[0,2],[1,5],[3,4],[0,1],[0,3],[1,3]]]
{"earlyWeeksByTeam"    : [3,2,2,2,2,4],
 "lateWeeksByTeam"     : [2,3,3,3,3,1],
 "doubleHeadersByTeam" : [5,3,3,3,3,3],
 "totalSlotsByTeam"    : [22,25,23,23,24,23],
 "teamMatchups"        : [[0,3,3,3,3,3],
                          [3,0,3,3,3,3],
                          [3,3,0,3,3,3],
                          [3,3,3,0,3,3],
                          [3,3,3,3,0,3],
                          [3,3,3,3,3,0]]}

Combo #170,770,544 (32-8-7-7-31) has a score of 29.554
[[[3,5],[0,5],[0,3],[1,5],[2,3],[0,4],[1,2],[1,4],[2,4]],
 [[1,4],[1,3],[3,4],[0,1],[4,5],[2,3],[0,5],[0,2],[2,5]],
 [[0,2],[0,4],[2,4],[0,3],[1,2],[4,5],[1,3],[3,5],[1,5]],
 [[0,4],[0,1],[1,4],[0,5],[3,4],[1,2],[3,5],[2,5],[2,3]],
 [[4,5],[2,4],[2,5],[3,4],[1,5],[0,2],[1,3],[0,3],[0,1]]]
{"earlyWeeksByTeam"    : [3,2,2,2,4,2],
 "lateWeeksByTeam"     : [2,3,3,3,1,3],
 "doubleHeadersByTeam" : [5,3,3,3,3,3],
 "totalSlotsByTeam"    : [22,24,23,25,23,23],
 "teamMatchups"        : [[0,3,3,3,3,3],
                          [3,0,3,3,3,3],
                          [3,3,0,3,3,3],
                          [3,3,3,0,3,3],
                          [3,3,3,3,0,3],
                          [3,3,3,3,3,0]]}

Combo #170,771,672 (32-8-7-31-7) has a score of 29.554
[[[3,5],[0,5],[0,3],[1,5],[2,3],[0,4],[1,2],[1,4],[2,4]],
 [[1,4],[1,3],[3,4],[0,1],[4,5],[2,3],[0,5],[0,2],[2,5]],
 [[0,2],[0,4],[2,4],[0,3],[1,2],[4,5],[1,3],[3,5],[1,5]],
 [[2,3],[2,5],[3,5],[1,2],[3,4],[0,5],[1,4],[0,1],[0,4]],
 [[0,1],[0,3],[1,3],[0,2],[1,5],[3,4],[2,5],[2,4],[4,5]]]
{"earlyWeeksByTeam"    : [3,2,2,4,2,2],
 "lateWeeksByTeam"     : [2,3,3,1,3,3],
 "doubleHeadersByTeam" : [5,3,3,3,3,3],
 "totalSlotsByTeam"    : [22,24,23,25,23,23],
 "teamMatchups"        : [[0,3,3,3,3,3],
                          [3,0,3,3,3,3],
                          [3,3,0,3,3,3],
                          [3,3,3,0,3,3],
                          [3,3,3,3,0,3],
                          [3,3,3,3,3,0]]}

Combo #170,771,696 (32-8-7-31-31) has a score of 29.554
[[[3,5],[0,5],[0,3],[1,5],[2,3],[0,4],[1,2],[1,4],[2,4]],
 [[1,4],[1,3],[3,4],[0,1],[4,5],[2,3],[0,5],[0,2],[2,5]],
 [[0,2],[0,4],[2,4],[0,3],[1,2],[4,5],[1,3],[3,5],[1,5]],
 [[2,3],[2,5],[3,5],[1,2],[3,4],[0,5],[1,4],[0,1],[0,4]],
 [[4,5],[2,4],[2,5],[3,4],[1,5],[0,2],[1,3],[0,3],[0,1]]]
{"earlyWeeksByTeam"    : [2,1,3,3,3,3],
 "lateWeeksByTeam"     : [3,4,2,2,2,2],
 "doubleHeadersByTeam" : [5,3,3,3,3,3],
 "totalSlotsByTeam"    : [22,24,23,25,23,23],
 "teamMatchups"        : [[0,3,3,3,3,3],
                          [3,0,3,3,3,3],
                          [3,3,0,3,3,3],
                          [3,3,3,0,3,3],
                          [3,3,3,3,0,3],
                          [3,3,3,3,3,0]]}

Combo #170,825,840 (32-8-31-7-31) has a score of 29.554
[[[3,5],[0,5],[0,3],[1,5],[2,3],[0,4],[1,2],[1,4],[2,4]],
 [[1,4],[1,3],[3,4],[0,1],[4,5],[2,3],[0,5],[0,2],[2,5]],
 [[1,5],[3,5],[1,3],[4,5],[1,2],[0,3],[2,4],[0,4],[0,2]],
 [[0,4],[0,1],[1,4],[0,5],[3,4],[1,2],[3,5],[2,5],[2,3]],
 [[4,5],[2,4],[2,5],[3,4],[1,5],[0,2],[1,3],[0,3],[0,1]]]
{"earlyWeeksByTeam"    : [2,3,1,3,3,3],
 "lateWeeksByTeam"     : [3,2,4,2,2,2],
 "doubleHeadersByTeam" : [5,3,3,3,3,3],
 "totalSlotsByTeam"    : [22,24,23,25,23,23],
 "teamMatchups"        : [[0,3,3,3,3,3],
                          [3,0,3,3,3,3],
                          [3,3,0,3,3,3],
                          [3,3,3,0,3,3],
                          [3,3,3,3,0,3],
                          [3,3,3,3,3,0]]}

Combo #173,314,137 (32-31-7-7-8) has a score of 29.554
[[[3,5],[0,5],[0,3],[1,5],[2,3],[0,4],[1,2],[1,4],[2,4]],
 [[3,4],[1,3],[1,4],[2,3],[4,5],[0,1],[2,5],[0,2],[0,5]],
 [[0,2],[0,4],[2,4],[0,3],[1,2],[4,5],[1,3],[3,5],[1,5]],
 [[0,4],[0,1],[1,4],[0,5],[3,4],[1,2],[3,5],[2,5],[2,3]],
 [[2,5],[2,4],[4,5],[0,2],[1,5],[3,4],[0,1],[0,3],[1,3]]]
{"earlyWeeksByTeam"    : [3,2,2,2,4,2],
 "lateWeeksByTeam"     : [2,3,3,3,1,3],
 "doubleHeadersByTeam" : [5,3,3,3,3,3],
 "totalSlotsByTeam"    : [22,25,23,23,24,23],
 "teamMatchups"        : [[0,3,3,3,3,3],
                          [3,0,3,3,3,3],
                          [3,3,0,3,3,3],
                          [3,3,3,0,3,3],
                          [3,3,3,3,0,3],
                          [3,3,3,3,3,0]]}

Combo #173,315,289 (32-31-7-31-8) has a score of 29.554
[[[3,5],[0,5],[0,3],[1,5],[2,3],[0,4],[1,2],[1,4],[2,4]],
 [[3,4],[1,3],[1,4],[2,3],[4,5],[0,1],[2,5],[0,2],[0,5]],
 [[0,2],[0,4],[2,4],[0,3],[1,2],[4,5],[1,3],[3,5],[1,5]],
 [[2,3],[2,5],[3,5],[1,2],[3,4],[0,5],[1,4],[0,1],[0,4]],
 [[2,5],[2,4],[4,5],[0,2],[1,5],[3,4],[0,1],[0,3],[1,3]]]
{"earlyWeeksByTeam"    : [2,1,3,3,3,3],
 "lateWeeksByTeam"     : [3,4,2,2,2,2],
 "doubleHeadersByTeam" : [5,3,3,3,3,3],
 "totalSlotsByTeam"    : [22,25,23,23,24,23],
 "teamMatchups"        : [[0,3,3,3,3,3],
                          [3,0,3,3,3,3],
                          [3,3,0,3,3,3],
                          [3,3,3,0,3,3],
                          [3,3,3,3,0,3],
                          [3,3,3,3,3,0]]}

Combo #173,315,313 (32-31-7-31-32) has a score of 29.554
[[[3,5],[0,5],[0,3],[1,5],[2,3],[0,4],[1,2],[1,4],[2,4]],
 [[3,4],[1,3],[1,4],[2,3],[4,5],[0,1],[2,5],[0,2],[0,5]],
 [[0,2],[0,4],[2,4],[0,3],[1,2],[4,5],[1,3],[3,5],[1,5]],
 [[2,3],[2,5],[3,5],[1,2],[3,4],[0,5],[1,4],[0,1],[0,4]],
 [[1,3],[0,3],[0,1],[3,4],[1,5],[0,2],[4,5],[2,4],[2,5]]]
{"earlyWeeksByTeam"    : [3,2,2,4,2,2],
 "lateWeeksByTeam"     : [2,3,3,1,3,3],
 "doubleHeadersByTeam" : [5,3,3,3,3,3],
 "totalSlotsByTeam"    : [22,25,23,23,24,23],
 "teamMatchups"        : [[0,3,3,3,3,3],
                          [3,0,3,3,3,3],
                          [3,3,0,3,3,3],
                          [3,3,3,0,3,3],
                          [3,3,3,3,0,3],
                          [3,3,3,3,3,0]]}

Combo #173,369,433 (32-31-31-7-8) has a score of 29.554
[[[3,5],[0,5],[0,3],[1,5],[2,3],[0,4],[1,2],[1,4],[2,4]],
 [[3,4],[1,3],[1,4],[2,3],[4,5],[0,1],[2,5],[0,2],[0,5]],
 [[1,5],[3,5],[1,3],[4,5],[1,2],[0,3],[2,4],[0,4],[0,2]],
 [[0,4],[0,1],[1,4],[0,5],[3,4],[1,2],[3,5],[2,5],[2,3]],
 [[2,5],[2,4],[4,5],[0,2],[1,5],[3,4],[0,1],[0,3],[1,3]]]
{"earlyWeeksByTeam"    : [2,3,1,3,3,3],
 "lateWeeksByTeam"     : [3,2,4,2,2,2],
 "doubleHeadersByTeam" : [5,3,3,3,3,3],
 "totalSlotsByTeam"    : [22,25,23,23,24,23],
 "teamMatchups"        : [[0,3,3,3,3,3],
                          [3,0,3,3,3,3],
                          [3,3,0,3,3,3],
                          [3,3,3,0,3,3],
                          [3,3,3,3,0,3],
                          [3,3,3,3,3,0]]}

Combo #173,480,048 (32-32-31-7-31) has a score of 29.554
[[[3,5],[0,5],[0,3],[1,5],[2,3],[0,4],[1,2],[1,4],[2,4]],
 [[2,5],[0,2],[0,5],[2,3],[4,5],[0,1],[3,4],[1,3],[1,4]],
 [[1,5],[3,5],[1,3],[4,5],[1,2],[0,3],[2,4],[0,4],[0,2]],
 [[0,4],[0,1],[1,4],[0,5],[3,4],[1,2],[3,5],[2,5],[2,3]],
 [[4,5],[2,4],[2,5],[3,4],[1,5],[0,2],[1,3],[0,3],[0,1]]]
{"earlyWeeksByTeam"    : [3,2,2,2,2,4],
 "lateWeeksByTeam"     : [2,3,3,3,3,1],
 "doubleHeadersByTeam" : [5,3,3,3,3,3],
 "totalSlotsByTeam"    : [22,24,23,25,23,23],
 "teamMatchups"        : [[0,3,3,3,3,3],
                          [3,0,3,3,3,3],
                          [3,3,0,3,3,3],
                          [3,3,3,0,3,3],
                          [3,3,3,3,0,3],
                          [3,3,3,3,3,0]]}

Combo #228,601,318 (43-3-3-15-21) has a score of 29.554
[[[1,2],[2,4],[1,4],[2,3],[1,5],[0,4],[3,5],[0,3],[0,5]],
 [[0,2],[0,5],[2,5],[0,1],[2,3],[4,5],[1,3],[1,4],[3,4]],
 [[0,4],[0,2],[2,4],[0,3],[4,5],[1,2],[3,5],[1,3],[1,5]],
 [[2,5],[3,5],[2,3],[0,5],[1,2],[3,4],[0,1],[0,4],[1,4]],
 [[1,3],[0,1],[0,3],[1,5],[3,4],[0,2],[4,5],[2,5],[2,4]]]
{"earlyWeeksByTeam"    : [3,2,4,2,2,2],
 "lateWeeksByTeam"     : [2,3,1,3,3,3],
 "doubleHeadersByTeam" : [5,3,3,3,3,3],
 "totalSlotsByTeam"    : [22,23,23,25,23,24],
 "teamMatchups"        : [[0,3,3,3,3,3],
                          [3,0,3,3,3,3],
                          [3,3,0,3,3,3],
                          [3,3,3,0,3,3],
                          [3,3,3,3,0,3],
                          [3,3,3,3,3,0]]}

Combo #228,628,948 (43-3-15-15-3) has a score of 29.554
[[[1,2],[2,4],[1,4],[2,3],[1,5],[0,4],[3,5],[0,3],[0,5]],
 [[0,2],[0,5],[2,5],[0,1],[2,3],[4,5],[1,3],[1,4],[3,4]],
 [[3,5],[1,3],[1,5],[0,3],[4,5],[1,2],[0,4],[0,2],[2,4]],
 [[2,5],[3,5],[2,3],[0,5],[1,2],[3,4],[0,1],[0,4],[1,4]],
 [[0,3],[0,1],[1,3],[0,2],[3,4],[1,5],[2,4],[2,5],[4,5]]]
{"earlyWeeksByTeam"    : [2,3,3,3,1,3],
 "lateWeeksByTeam"     : [3,2,2,2,4,2],
 "doubleHeadersByTeam" : [5,3,3,3,3,3],
 "totalSlotsByTeam"    : [22,25,23,24,23,23],
 "teamMatchups"        : [[0,3,3,3,3,3],
                          [3,0,3,3,3,3],
                          [3,3,0,3,3,3],
                          [3,3,3,0,3,3],
                          [3,3,3,3,0,3],
                          [3,3,3,3,3,0]]}

Combo #228,629,236 (43-3-15-21-3) has a score of 29.554
[[[1,2],[2,4],[1,4],[2,3],[1,5],[0,4],[3,5],[0,3],[0,5]],
 [[0,2],[0,5],[2,5],[0,1],[2,3],[4,5],[1,3],[1,4],[3,4]],
 [[3,5],[1,3],[1,5],[0,3],[4,5],[1,2],[0,4],[0,2],[2,4]],
 [[1,4],[0,4],[0,1],[3,4],[1,2],[0,5],[2,3],[3,5],[2,5]],
 [[0,3],[0,1],[1,3],[0,2],[3,4],[1,5],[2,4],[2,5],[4,5]]]
{"earlyWeeksByTeam"    : [3,4,2,2,2,2],
 "lateWeeksByTeam"     : [2,1,3,3,3,3],
 "doubleHeadersByTeam" : [5,3,3,3,3,3],
 "totalSlotsByTeam"    : [22,25,23,24,23,23],
 "teamMatchups"        : [[0,3,3,3,3,3],
                          [3,0,3,3,3,3],
                          [3,3,0,3,3,3],
                          [3,3,3,0,3,3],
                          [3,3,3,3,0,3],
                          [3,3,3,3,3,0]]}

Combo #228,629,276 (43-3-15-21-43) has a score of 29.554
[[[1,2],[2,4],[1,4],[2,3],[1,5],[0,4],[3,5],[0,3],[0,5]],
 [[0,2],[0,5],[2,5],[0,1],[2,3],[4,5],[1,3],[1,4],[3,4]],
 [[3,5],[1,3],[1,5],[0,3],[4,5],[1,2],[0,4],[0,2],[2,4]],
 [[1,4],[0,4],[0,1],[3,4],[1,2],[0,5],[2,3],[3,5],[2,5]],
 [[4,5],[2,5],[2,4],[1,5],[3,4],[0,2],[1,3],[0,1],[0,3]]]
{"earlyWeeksByTeam"    : [2,3,3,1,3,3],
 "lateWeeksByTeam"     : [3,2,2,4,2,2],
 "doubleHeadersByTeam" : [5,3,3,3,3,3],
 "totalSlotsByTeam"    : [22,25,23,24,23,23],
 "teamMatchups"        : [[0,3,3,3,3,3],
                          [3,0,3,3,3,3],
                          [3,3,0,3,3,3],
                          [3,3,3,0,3,3],
                          [3,3,3,3,0,3],
                          [3,3,3,3,3,0]]}

Combo #228,642,772 (43-3-21-15-3) has a score of 29.554
[[[1,2],[2,4],[1,4],[2,3],[1,5],[0,4],[3,5],[0,3],[0,5]],
 [[0,2],[0,5],[2,5],[0,1],[2,3],[4,5],[1,3],[1,4],[3,4]],
 [[2,4],[0,2],[0,4],[1,2],[4,5],[0,3],[1,5],[1,3],[3,5]],
 [[2,5],[3,5],[2,3],[0,5],[1,2],[3,4],[0,1],[0,4],[1,4]],
 [[0,3],[0,1],[1,3],[0,2],[3,4],[1,5],[2,4],[2,5],[4,5]]]
{"earlyWeeksByTeam"    : [3,2,4,2,2,2],
 "lateWeeksByTeam"     : [2,3,1,3,3,3],
 "doubleHeadersByTeam" : [5,3,3,3,3,3],
 "totalSlotsByTeam"    : [22,25,23,24,23,23],
 "teamMatchups"        : [[0,3,3,3,3,3],
                          [3,0,3,3,3,3],
                          [3,3,0,3,3,3],
                          [3,3,3,0,3,3],
                          [3,3,3,3,0,3],
                          [3,3,3,3,3,0]]}

Combo #228,693,478 (43-3-43-15-21) has a score of 29.554
[[[1,2],[2,4],[1,4],[2,3],[1,5],[0,4],[3,5],[0,3],[0,5]],
 [[0,2],[0,5],[2,5],[0,1],[2,3],[4,5],[1,3],[1,4],[3,4]],
 [[1,5],[1,3],[3,5],[1,2],[4,5],[0,3],[2,4],[0,2],[0,4]],
 [[2,5],[3,5],[2,3],[0,5],[1,2],[3,4],[0,1],[0,4],[1,4]],
 [[1,3],[0,1],[0,3],[1,5],[3,4],[0,2],[4,5],[2,5],[2,4]]]
{"earlyWeeksByTeam"    : [2,3,3,3,1,3],
 "lateWeeksByTeam"     : [3,2,2,2,4,2],
 "doubleHeadersByTeam" : [5,3,3,3,3,3],
 "totalSlotsByTeam"    : [22,23,23,25,23,24],
 "teamMatchups"        : [[0,3,3,3,3,3],
                          [3,0,3,3,3,3],
                          [3,3,0,3,3,3],
                          [3,3,3,0,3,3],
                          [3,3,3,3,0,3],
                          [3,3,3,3,3,0]]}

Combo #228,693,760 (43-3-43-21-15) has a score of 29.554
[[[1,2],[2,4],[1,4],[2,3],[1,5],[0,4],[3,5],[0,3],[0,5]],
 [[0,2],[0,5],[2,5],[0,1],[2,3],[4,5],[1,3],[1,4],[3,4]],
 [[1,5],[1,3],[3,5],[1,2],[4,5],[0,3],[2,4],[0,2],[0,4]],
 [[1,4],[0,4],[0,1],[3,4],[1,2],[0,5],[2,3],[3,5],[2,5]],
 [[2,4],[2,5],[4,5],[0,2],[3,4],[1,5],[0,3],[0,1],[1,3]]]
{"earlyWeeksByTeam"    : [2,3,3,1,3,3],
 "lateWeeksByTeam"     : [3,2,2,4,2,2],
 "doubleHeadersByTeam" : [5,3,3,3,3,3],
 "totalSlotsByTeam"    : [22,23,23,25,23,24],
 "teamMatchups"        : [[0,3,3,3,3,3],
                          [3,0,3,3,3,3],
                          [3,3,0,3,3,3],
                          [3,3,3,0,3,3],
                          [3,3,3,3,0,3],
                          [3,3,3,3,3,0]]}

Combo #228,693,766 (43-3-43-21-21) has a score of 29.554
[[[1,2],[2,4],[1,4],[2,3],[1,5],[0,4],[3,5],[0,3],[0,5]],
 [[0,2],[0,5],[2,5],[0,1],[2,3],[4,5],[1,3],[1,4],[3,4]],
 [[1,5],[1,3],[3,5],[1,2],[4,5],[0,3],[2,4],[0,2],[0,4]],
 [[1,4],[0,4],[0,1],[3,4],[1,2],[0,5],[2,3],[3,5],[2,5]],
 [[1,3],[0,1],[0,3],[1,5],[3,4],[0,2],[4,5],[2,5],[2,4]]]
{"earlyWeeksByTeam"    : [3,4,2,2,2,2],
 "lateWeeksByTeam"     : [2,1,3,3,3,3],
 "doubleHeadersByTeam" : [5,3,3,3,3,3],
 "totalSlotsByTeam"    : [22,23,23,25,23,24],
 "teamMatchups"        : [[0,3,3,3,3,3],
                          [3,0,3,3,3,3],
                          [3,3,0,3,3,3],
                          [3,3,3,0,3,3],
                          [3,3,3,3,0,3],
                          [3,3,3,3,3,0]]}

Combo #229,971,220 (43-15-21-43-3) has a score of 29.554
[[[1,2],[2,4],[1,4],[2,3],[1,5],[0,4],[3,5],[0,3],[0,5]],
 [[1,3],[1,4],[3,4],[0,1],[2,3],[4,5],[0,2],[0,5],[2,5]],
 [[2,4],[0,2],[0,4],[1,2],[4,5],[0,3],[1,5],[1,3],[3,5]],
 [[2,3],[3,5],[2,5],[3,4],[1,2],[0,5],[1,4],[0,4],[0,1]],
 [[0,3],[0,1],[1,3],[0,2],[3,4],[1,5],[2,4],[2,5],[4,5]]]
{"earlyWeeksByTeam"    : [2,3,3,3,3,1],
 "lateWeeksByTeam"     : [3,2,2,2,2,4],
 "doubleHeadersByTeam" : [5,3,3,3,3,3],
 "totalSlotsByTeam"    : [22,24,23,23,25,23],
 "teamMatchups"        : [[0,3,3,3,3,3],
                          [3,0,3,3,3,3],
                          [3,3,0,3,3,3],
                          [3,3,3,0,3,3],
                          [3,3,3,3,0,3],
                          [3,3,3,3,3,0]]}

Combo #230,619,028 (43-21-15-3-3) has a score of 29.554
[[[1,2],[2,4],[1,4],[2,3],[1,5],[0,4],[3,5],[0,3],[0,5]],
 [[2,5],[0,5],[0,2],[4,5],[2,3],[0,1],[3,4],[1,4],[1,3]],
 [[3,5],[1,3],[1,5],[0,3],[4,5],[1,2],[0,4],[0,2],[2,4]],
 [[0,1],[0,4],[1,4],[0,5],[1,2],[3,4],[2,5],[3,5],[2,3]],
 [[0,3],[0,1],[1,3],[0,2],[3,4],[1,5],[2,4],[2,5],[4,5]]]
{"earlyWeeksByTeam"    : [3,4,2,2,2,2],
 "lateWeeksByTeam"     : [2,1,3,3,3,3],
 "doubleHeadersByTeam" : [5,3,3,3,3,3],
 "totalSlotsByTeam"    : [22,24,23,23,25,23],
 "teamMatchups"        : [[0,3,3,3,3,3],
                          [3,0,3,3,3,3],
                          [3,3,0,3,3,3],
                          [3,3,3,0,3,3],
                          [3,3,3,3,0,3],
                          [3,3,3,3,3,0]]}

Combo #230,619,068 (43-21-15-3-43) has a score of 29.554
[[[1,2],[2,4],[1,4],[2,3],[1,5],[0,4],[3,5],[0,3],[0,5]],
 [[2,5],[0,5],[0,2],[4,5],[2,3],[0,1],[3,4],[1,4],[1,3]],
 [[3,5],[1,3],[1,5],[0,3],[4,5],[1,2],[0,4],[0,2],[2,4]],
 [[0,1],[0,4],[1,4],[0,5],[1,2],[3,4],[2,5],[3,5],[2,3]],
 [[4,5],[2,5],[2,4],[1,5],[3,4],[0,2],[1,3],[0,1],[0,3]]]
{"earlyWeeksByTeam"    : [2,3,3,1,3,3],
 "lateWeeksByTeam"     : [3,2,2,4,2,2],
 "doubleHeadersByTeam" : [5,3,3,3,3,3],
 "totalSlotsByTeam"    : [22,24,23,23,25,23],
 "teamMatchups"        : [[0,3,3,3,3,3],
                          [3,0,3,3,3,3],
                          [3,3,0,3,3,3],
                          [3,3,3,0,3,3],
                          [3,3,3,3,0,3],
                          [3,3,3,3,3,0]]}

Combo #230,620,948 (43-21-15-43-3) has a score of 29.554
[[[1,2],[2,4],[1,4],[2,3],[1,5],[0,4],[3,5],[0,3],[0,5]],
 [[2,5],[0,5],[0,2],[4,5],[2,3],[0,1],[3,4],[1,4],[1,3]],
 [[3,5],[1,3],[1,5],[0,3],[4,5],[1,2],[0,4],[0,2],[2,4]],
 [[2,3],[3,5],[2,5],[3,4],[1,2],[0,5],[1,4],[0,4],[0,1]],
 [[0,3],[0,1],[1,3],[0,2],[3,4],[1,5],[2,4],[2,5],[4,5]]]
{"earlyWeeksByTeam"    : [2,3,3,3,1,3],
 "lateWeeksByTeam"     : [3,2,2,2,4,2],
 "doubleHeadersByTeam" : [5,3,3,3,3,3],
 "totalSlotsByTeam"    : [22,24,23,23,25,23],
 "teamMatchups"        : [[0,3,3,3,3,3],
                          [3,0,3,3,3,3],
                          [3,3,0,3,3,3],
                          [3,3,3,0,3,3],
                          [3,3,3,3,0,3],
                          [3,3,3,3,3,0]]}

Combo #230,634,772 (43-21-21-43-3) has a score of 29.554
[[[1,2],[2,4],[1,4],[2,3],[1,5],[0,4],[3,5],[0,3],[0,5]],
 [[2,5],[0,5],[0,2],[4,5],[2,3],[0,1],[3,4],[1,4],[1,3]],
 [[2,4],[0,2],[0,4],[1,2],[4,5],[0,3],[1,5],[1,3],[3,5]],
 [[2,3],[3,5],[2,5],[3,4],[1,2],[0,5],[1,4],[0,4],[0,1]],
 [[0,3],[0,1],[1,3],[0,2],[3,4],[1,5],[2,4],[2,5],[4,5]]]
{"earlyWeeksByTeam"    : [3,2,4,2,2,2],
 "lateWeeksByTeam"     : [2,3,1,3,3,3],
 "doubleHeadersByTeam" : [5,3,3,3,3,3],
 "totalSlotsByTeam"    : [22,24,23,23,25,23],
 "teamMatchups"        : [[0,3,3,3,3,3],
                          [3,0,3,3,3,3],
                          [3,3,0,3,3,3],
                          [3,3,3,0,3,3],
                          [3,3,3,3,0,3],
                          [3,3,3,3,3,0]]}

Combo #233,024,998 (43-43-3-15-21) has a score of 29.554
[[[1,2],[2,4],[1,4],[2,3],[1,5],[0,4],[3,5],[0,3],[0,5]],
 [[3,4],[1,4],[1,3],[4,5],[2,3],[0,1],[2,5],[0,5],[0,2]],
 [[0,4],[0,2],[2,4],[0,3],[4,5],[1,2],[3,5],[1,3],[1,5]],
 [[2,5],[3,5],[2,3],[0,5],[1,2],[3,4],[0,1],[0,4],[1,4]],
 [[1,3],[0,1],[0,3],[1,5],[3,4],[0,2],[4,5],[2,5],[2,4]]]
{"earlyWeeksByTeam"    : [2,3,3,3,3,1],
 "lateWeeksByTeam"     : [3,2,2,2,2,4],
 "doubleHeadersByTeam" : [5,3,3,3,3,3],
 "totalSlotsByTeam"    : [22,23,23,25,23,24],
 "teamMatchups"        : [[0,3,3,3,3,3],
                          [3,0,3,3,3,3],
                          [3,3,0,3,3,3],
                          [3,3,3,0,3,3],
                          [3,3,3,3,0,3],
                          [3,3,3,3,3,0]]}

Combo #233,066,452 (43-43-21-15-3) has a score of 29.554
[[[1,2],[2,4],[1,4],[2,3],[1,5],[0,4],[3,5],[0,3],[0,5]],
 [[3,4],[1,4],[1,3],[4,5],[2,3],[0,1],[2,5],[0,5],[0,2]],
 [[2,4],[0,2],[0,4],[1,2],[4,5],[0,3],[1,5],[1,3],[3,5]],
 [[2,5],[3,5],[2,3],[0,5],[1,2],[3,4],[0,1],[0,4],[1,4]],
 [[0,3],[0,1],[1,3],[0,2],[3,4],[1,5],[2,4],[2,5],[4,5]]]
{"earlyWeeksByTeam"    : [2,3,3,3,3,1],
 "lateWeeksByTeam"     : [3,2,2,2,2,4],
 "doubleHeadersByTeam" : [5,3,3,3,3,3],
 "totalSlotsByTeam"    : [22,25,23,24,23,23],
 "teamMatchups"        : [[0,3,3,3,3,3],
                          [3,0,3,3,3,3],
                          [3,3,0,3,3,3],
                          [3,3,3,0,3,3],
                          [3,3,3,3,0,3],
                          [3,3,3,3,3,0]]}