// An incomplete exploration, but with 28 "best" schedules with the same score
// …given an arbitrary set of weights whose values are lost to the sands of time.

// Combo (3-31-37-15)
[[[0,5],[0,3],[3,5],[0,4],[1,5],[2,3],[1,4],[2,4],[1,2]],
 [[3,4],[1,3],[1,4],[2,3],[4,5],[0,1],[2,5],[0,2],[0,5]],
 [[0,4],[2,4],[0,2],[4,5],[0,3],[1,2],[3,5],[1,5],[1,3]],
 [[2,5],[3,5],[2,3],[0,5],[1,2],[3,4],[0,1],[0,4],[1,4]]]
stats = {earlyWeeksByTeam    : [2,1,2,3,2,2],
         lateWeeksByTeam     : [2,3,2,1,2,2],
         doubleHeadersByTeam : [3,2,3,3,3,2],
         doubleByesByTeam    : [1,1,2,2,1,1],
         totalSlotsByTeam    : [18,19,19,19,18,19]}

// Combo (7-24-21-15)
[[[0,3],[0,5],[3,5],[0,4],[2,3],[1,5],[2,4],[1,4],[1,2]],
 [[1,3],[3,4],[1,4],[2,3],[0,1],[4,5],[0,2],[2,5],[0,5]],
 [[2,4],[0,2],[0,4],[1,2],[4,5],[0,3],[1,5],[1,3],[3,5]],
 [[2,5],[3,5],[2,3],[0,5],[1,2],[3,4],[0,1],[0,4],[1,4]]]
stats = {earlyWeeksByTeam    : [2,1,2,3,2,2],
         lateWeeksByTeam     : [2,3,2,1,2,2],
         doubleHeadersByTeam : [3,2,2,3,3,3],
         doubleByesByTeam    : [2,1,1,1,2,1],
         totalSlotsByTeam    : [19,19,19,18,19,18]}

// Combo (7-24-21-24)
[[[0,3],[0,5],[3,5],[0,4],[2,3],[1,5],[2,4],[1,4],[1,2]],
 [[1,3],[3,4],[1,4],[2,3],[0,1],[4,5],[0,2],[2,5],[0,5]],
 [[2,4],[0,2],[0,4],[1,2],[4,5],[0,3],[1,5],[1,3],[3,5]],
 [[2,5],[2,3],[3,5],[1,2],[0,5],[3,4],[0,1],[1,4],[0,4]]]
stats = {earlyWeeksByTeam    : [2,1,2,3,2,2],
         lateWeeksByTeam     : [2,3,2,1,2,2],
         doubleHeadersByTeam : [2,3,3,3,3,2],
         doubleByesByTeam    : [1,2,1,1,2,1],
         totalSlotsByTeam    : [19,19,18,18,19,19]}

// Combo (7-31-17-15)
[[[0,3],[0,5],[3,5],[0,4],[2,3],[1,5],[2,4],[1,4],[1,2]],
 [[3,4],[1,3],[1,4],[2,3],[4,5],[0,1],[2,5],[0,2],[0,5]],
 [[0,2],[2,4],[0,4],[1,2],[0,3],[4,5],[1,3],[1,5],[3,5]],
 [[2,5],[3,5],[2,3],[0,5],[1,2],[3,4],[0,1],[0,4],[1,4]]]
stats = {earlyWeeksByTeam    : [2,1,2,3,2,2],
         lateWeeksByTeam     : [2,3,2,1,2,2],
         doubleHeadersByTeam : [3,3,2,2,3,3],
         doubleByesByTeam    : [1,2,1,1,2,1],
         totalSlotsByTeam    : [18,19,19,19,19,18]}

// Combo (7-45-21-8)
[[[0,3],[0,5],[3,5],[0,4],[2,3],[1,5],[2,4],[1,4],[1,2]],
 [[1,4],[3,4],[1,3],[4,5],[0,1],[2,3],[0,5],[2,5],[0,2]],
 [[2,4],[0,2],[0,4],[1,2],[4,5],[0,3],[1,5],[1,3],[3,5]],
 [[3,5],[2,5],[2,3],[0,5],[3,4],[1,2],[0,4],[0,1],[1,4]]]
stats = {earlyWeeksByTeam    : [2,1,2,3,2,2],
         lateWeeksByTeam     : [2,3,2,1,2,2],
         doubleHeadersByTeam : [3,3,3,2,2,3],
         doubleByesByTeam    : [2,1,1,1,1,2],
         totalSlotsByTeam    : [19,18,18,19,19,19]}

// Combo (8-17-43-7)
[[[2,4],[1,4],[1,2],[0,4],[2,3],[1,5],[0,3],[0,5],[3,5]],
 [[0,5],[2,5],[0,2],[4,5],[0,1],[2,3],[1,4],[3,4],[1,3]],
 [[1,5],[1,3],[3,5],[1,2],[4,5],[0,3],[2,4],[0,2],[0,4]],
 [[0,4],[0,1],[1,4],[0,5],[3,4],[1,2],[3,5],[2,5],[2,3]]]
stats = {earlyWeeksByTeam    : [2,3,2,1,2,2],
         lateWeeksByTeam     : [2,1,2,3,2,2],
         doubleHeadersByTeam : [3,3,3,2,2,3],
         doubleByesByTeam    : [1,2,2,1,1,1],
         totalSlotsByTeam    : [18,19,19,19,19,18]}

// Combo (8-32-45-3)
[[[2,4],[1,4],[1,2],[0,4],[2,3],[1,5],[0,3],[0,5],[3,5]],
 [[2,5],[0,2],[0,5],[2,3],[4,5],[0,1],[3,4],[1,3],[1,4]],
 [[1,3],[1,5],[3,5],[1,2],[0,3],[4,5],[0,2],[2,4],[0,4]],
 [[0,1],[0,4],[1,4],[0,5],[1,2],[3,4],[2,5],[3,5],[2,3]]]
stats = {earlyWeeksByTeam    : [2,3,2,1,2,2],
         lateWeeksByTeam     : [2,1,2,3,2,2],
         doubleHeadersByTeam : [3,3,2,2,3,3],
         doubleByesByTeam    : [2,1,1,1,1,2],
         totalSlotsByTeam    : [19,18,19,19,18,19]}

// Combo (8-37-43-3)
[[[2,4],[1,4],[1,2],[0,4],[2,3],[1,5],[0,3],[0,5],[3,5]],
 [[0,2],[2,5],[0,5],[2,3],[0,1],[4,5],[1,3],[3,4],[1,4]],
 [[1,5],[1,3],[3,5],[1,2],[4,5],[0,3],[2,4],[0,2],[0,4]],
 [[0,1],[0,4],[1,4],[0,5],[1,2],[3,4],[2,5],[3,5],[2,3]]]
stats = {earlyWeeksByTeam    : [2,3,2,1,2,2],
         lateWeeksByTeam     : [2,1,2,3,2,2],
         doubleHeadersByTeam : [3,2,2,3,3,3],
         doubleByesByTeam    : [1,1,1,2,1,2],
         totalSlotsByTeam    : [18,19,19,19,18,19]}

// Combo (8-37-43-37)
[[[2,4],[1,4],[1,2],[0,4],[2,3],[1,5],[0,3],[0,5],[3,5]],
 [[0,2],[2,5],[0,5],[2,3],[0,1],[4,5],[1,3],[3,4],[1,4]],
 [[1,5],[1,3],[3,5],[1,2],[4,5],[0,3],[2,4],[0,2],[0,4]],
 [[0,1],[1,4],[0,4],[1,2],[0,5],[3,4],[2,5],[2,3],[3,5]]]
stats = {earlyWeeksByTeam    : [2,3,2,1,2,2],
         lateWeeksByTeam     : [2,1,2,3,2,2],
         doubleHeadersByTeam : [2,3,3,3,3,2],
         doubleByesByTeam    : [1,1,2,2,1,1],
         totalSlotsByTeam    : [19,18,19,19,18,19]}

// Combo (15-32-24-3)
[[[1,4],[2,4],[1,2],[0,4],[1,5],[2,3],[0,5],[0,3],[3,5]],
 [[2,5],[0,2],[0,5],[2,3],[4,5],[0,1],[3,4],[1,3],[1,4]],
 [[3,5],[1,5],[1,3],[4,5],[0,3],[1,2],[0,4],[2,4],[0,2]],
 [[0,1],[0,4],[1,4],[0,5],[1,2],[3,4],[2,5],[3,5],[2,3]]]
stats = {earlyWeeksByTeam    : [2,3,2,1,2,2],
         lateWeeksByTeam     : [2,1,2,3,2,2],
         doubleHeadersByTeam : [3,2,3,3,3,2],
         doubleByesByTeam    : [2,1,1,1,2,1],
         totalSlotsByTeam    : [19,19,18,18,19,19]}

// Combo (17-15-7-24)
[[[0,3],[3,5],[0,5],[2,3],[0,4],[1,5],[2,4],[1,2],[1,4]],
 [[1,3],[1,4],[3,4],[0,1],[2,3],[4,5],[0,2],[0,5],[2,5]],
 [[0,2],[0,4],[2,4],[0,3],[1,2],[4,5],[1,3],[3,5],[1,5]],
 [[2,5],[2,3],[3,5],[1,2],[0,5],[3,4],[0,1],[1,4],[0,4]]]
stats = {earlyWeeksByTeam    : [2,1,2,3,2,2],
         lateWeeksByTeam     : [2,3,2,1,2,2],
         doubleHeadersByTeam : [2,3,2,3,3,3],
         doubleByesByTeam    : [1,1,1,2,2,1],
         totalSlotsByTeam    : [19,18,19,19,19,18]}

// Combo (17-31-17-15)
[[[0,3],[3,5],[0,5],[2,3],[0,4],[1,5],[2,4],[1,2],[1,4]],
 [[3,4],[1,3],[1,4],[2,3],[4,5],[0,1],[2,5],[0,2],[0,5]],
 [[0,2],[2,4],[0,4],[1,2],[0,3],[4,5],[1,3],[1,5],[3,5]],
 [[2,5],[3,5],[2,3],[0,5],[1,2],[3,4],[0,1],[0,4],[1,4]]]
stats = {earlyWeeksByTeam    : [2,1,2,3,2,2],
         lateWeeksByTeam     : [2,3,2,1,2,2],
         doubleHeadersByTeam : [2,3,3,3,2,3],
         doubleByesByTeam    : [1,2,2,1,1,1],
         totalSlotsByTeam    : [19,19,19,18,19,18]}

// Combo (21-8-17-43)
[[[3,5],[0,3],[0,5],[2,3],[1,5],[0,4],[1,2],[2,4],[1,4]],
 [[1,4],[1,3],[3,4],[0,1],[4,5],[2,3],[0,5],[0,2],[2,5]],
 [[0,2],[2,4],[0,4],[1,2],[0,3],[4,5],[1,3],[1,5],[3,5]],
 [[2,3],[3,5],[2,5],[3,4],[1,2],[0,5],[1,4],[0,4],[0,1]]]
stats = {earlyWeeksByTeam    : [2,1,2,3,2,2],
         lateWeeksByTeam     : [2,3,2,1,2,2],
         doubleHeadersByTeam : [3,2,3,3,3,2],
         doubleByesByTeam    : [2,1,1,1,2,1],
         totalSlotsByTeam    : [19,19,18,18,19,19]}

// Combo (24-7-24-21)
[[[1,4],[1,2],[2,4],[1,5],[0,4],[2,3],[0,5],[3,5],[0,3]],
 [[0,5],[0,2],[2,5],[0,1],[4,5],[2,3],[1,4],[1,3],[3,4]],
 [[3,5],[1,5],[1,3],[4,5],[0,3],[1,2],[0,4],[2,4],[0,2]],
 [[1,4],[0,4],[0,1],[3,4],[1,2],[0,5],[2,3],[3,5],[2,5]]]
stats = {earlyWeeksByTeam    : [2,3,2,1,2,2],
         lateWeeksByTeam     : [2,1,2,3,2,2],
         doubleHeadersByTeam : [2,3,3,3,2,3],
         doubleByesByTeam    : [1,2,2,1,1,1],
         totalSlotsByTeam    : [19,19,19,18,19,18]}

// Combo (24-21-31-17)
[[[1,4],[1,2],[2,4],[1,5],[0,4],[2,3],[0,5],[3,5],[0,3]],
 [[2,5],[0,5],[0,2],[4,5],[2,3],[0,1],[3,4],[1,4],[1,3]],
 [[1,5],[3,5],[1,3],[4,5],[1,2],[0,3],[2,4],[0,4],[0,2]],
 [[0,4],[1,4],[0,1],[3,4],[0,5],[1,2],[3,5],[2,3],[2,5]]]
stats = {earlyWeeksByTeam    : [2,3,2,1,2,2],
         lateWeeksByTeam     : [2,1,2,3,2,2],
         doubleHeadersByTeam : [2,3,2,3,3,3],
         doubleByesByTeam    : [1,1,1,2,2,1],
         totalSlotsByTeam    : [19,18,19,19,19,18]}

// Combo (31-7-24-21)
[[[1,2],[1,4],[2,4],[1,5],[2,3],[0,4],[3,5],[0,5],[0,3]],
 [[0,5],[0,2],[2,5],[0,1],[4,5],[2,3],[1,4],[1,3],[3,4]],
 [[3,5],[1,5],[1,3],[4,5],[0,3],[1,2],[0,4],[2,4],[0,2]],
 [[1,4],[0,4],[0,1],[3,4],[1,2],[0,5],[2,3],[3,5],[2,5]]]
stats = {earlyWeeksByTeam    : [2,3,2,1,2,2],
         lateWeeksByTeam     : [2,1,2,3,2,2],
         doubleHeadersByTeam : [3,3,2,2,3,3],
         doubleByesByTeam    : [1,2,1,1,2,1],
         totalSlotsByTeam    : [18,19,19,19,19,18]}

// Combo (31-17-15-17)
[[[1,2],[1,4],[2,4],[1,5],[2,3],[0,4],[3,5],[0,5],[0,3]],
 [[0,5],[2,5],[0,2],[4,5],[0,1],[2,3],[1,4],[3,4],[1,3]],
 [[3,5],[1,3],[1,5],[0,3],[4,5],[1,2],[0,4],[0,2],[2,4]],
 [[0,4],[1,4],[0,1],[3,4],[0,5],[1,2],[3,5],[2,3],[2,5]]]
stats = {earlyWeeksByTeam    : [2,3,2,1,2,2],
         lateWeeksByTeam     : [2,1,2,3,2,2],
         doubleHeadersByTeam : [2,3,3,3,3,2],
         doubleByesByTeam    : [1,2,1,1,2,1],
         totalSlotsByTeam    : [19,19,18,18,19,19]}

// Combo (31-17-15-21)
[[[1,2],[1,4],[2,4],[1,5],[2,3],[0,4],[3,5],[0,5],[0,3]],
 [[0,5],[2,5],[0,2],[4,5],[0,1],[2,3],[1,4],[3,4],[1,3]],
 [[3,5],[1,3],[1,5],[0,3],[4,5],[1,2],[0,4],[0,2],[2,4]],
 [[1,4],[0,4],[0,1],[3,4],[1,2],[0,5],[2,3],[3,5],[2,5]]]
stats = {earlyWeeksByTeam    : [2,3,2,1,2,2],
         lateWeeksByTeam     : [2,1,2,3,2,2],
         doubleHeadersByTeam : [3,2,2,3,3,3],
         doubleByesByTeam    : [2,1,1,1,2,1],
         totalSlotsByTeam    : [19,19,19,18,19,18]}

// Combo (31-37-15-32)
[[[1,2],[1,4],[2,4],[1,5],[2,3],[0,4],[3,5],[0,5],[0,3]],
 [[0,2],[2,5],[0,5],[2,3],[0,1],[4,5],[1,3],[3,4],[1,4]],
 [[3,5],[1,3],[1,5],[0,3],[4,5],[1,2],[0,4],[0,2],[2,4]],
 [[1,4],[0,1],[0,4],[1,2],[3,4],[0,5],[2,3],[2,5],[3,5]]]
stats = {earlyWeeksByTeam    : [2,3,2,1,2,2],
         lateWeeksByTeam     : [2,1,2,3,2,2],
         doubleHeadersByTeam : [3,3,3,2,2,3],
         doubleByesByTeam    : [2,1,1,1,1,2],
         totalSlotsByTeam    : [19,18,18,19,19,19]}

// Combo (32-8-37-43)
[[[3,5],[0,5],[0,3],[1,5],[2,3],[0,4],[1,2],[1,4],[2,4]],
 [[1,4],[1,3],[3,4],[0,1],[4,5],[2,3],[0,5],[0,2],[2,5]],
 [[0,4],[2,4],[0,2],[4,5],[0,3],[1,2],[3,5],[1,5],[1,3]],
 [[2,3],[3,5],[2,5],[3,4],[1,2],[0,5],[1,4],[0,4],[0,1]]]
stats = {earlyWeeksByTeam    : [2,1,2,3,2,2],
         lateWeeksByTeam     : [2,3,2,1,2,2],
         doubleHeadersByTeam : [3,3,2,2,3,3],
         doubleByesByTeam    : [2,1,1,1,1,2],
         totalSlotsByTeam    : [19,18,19,19,18,19]}

// Combo (32-24-3-31)
[[[3,5],[0,5],[0,3],[1,5],[2,3],[0,4],[1,2],[1,4],[2,4]],
 [[1,3],[3,4],[1,4],[2,3],[0,1],[4,5],[0,2],[2,5],[0,5]],
 [[0,4],[0,2],[2,4],[0,3],[4,5],[1,2],[3,5],[1,3],[1,5]],
 [[2,3],[2,5],[3,5],[1,2],[3,4],[0,5],[1,4],[0,1],[0,4]]]
stats = {earlyWeeksByTeam    : [2,1,2,3,2,2],
         lateWeeksByTeam     : [2,3,2,1,2,2],
         doubleHeadersByTeam : [3,3,3,2,2,3],
         doubleByesByTeam    : [1,2,2,1,1,1],
         totalSlotsByTeam    : [18,19,19,19,19,18]}

// Combo (32-45-3-43)
[[[3,5],[0,5],[0,3],[1,5],[2,3],[0,4],[1,2],[1,4],[2,4]],
 [[1,4],[3,4],[1,3],[4,5],[0,1],[2,3],[0,5],[2,5],[0,2]],
 [[0,4],[0,2],[2,4],[0,3],[4,5],[1,2],[3,5],[1,3],[1,5]],
 [[2,3],[3,5],[2,5],[3,4],[1,2],[0,5],[1,4],[0,4],[0,1]]]
stats = {earlyWeeksByTeam    : [2,1,2,3,2,2],
         lateWeeksByTeam     : [2,3,2,1,2,2],
         doubleHeadersByTeam : [3,2,2,3,3,3],
         doubleByesByTeam    : [1,1,1,2,1,2],
         totalSlotsByTeam    : [18,19,19,19,18,19]}

// Combo (32-45-3-45)
[[[3,5],[0,5],[0,3],[1,5],[2,3],[0,4],[1,2],[1,4],[2,4]],
 [[1,4],[3,4],[1,3],[4,5],[0,1],[2,3],[0,5],[2,5],[0,2]],
 [[0,4],[0,2],[2,4],[0,3],[4,5],[1,2],[3,5],[1,3],[1,5]],
 [[3,5],[2,3],[2,5],[3,4],[0,5],[1,2],[0,4],[1,4],[0,1]]]
stats = {earlyWeeksByTeam    : [2,1,2,3,2,2],
         lateWeeksByTeam     : [2,3,2,1,2,2],
         doubleHeadersByTeam : [2,3,3,3,3,2],
         doubleByesByTeam    : [1,1,2,2,1,1],
         totalSlotsByTeam    : [19,18,19,19,18,19]}

// Combo (37-8-37-43)
[[[0,5],[3,5],[0,3],[1,5],[0,4],[2,3],[1,4],[1,2],[2,4]],
 [[1,4],[1,3],[3,4],[0,1],[4,5],[2,3],[0,5],[0,2],[2,5]],
 [[0,4],[2,4],[0,2],[4,5],[0,3],[1,2],[3,5],[1,5],[1,3]],
 [[2,3],[3,5],[2,5],[3,4],[1,2],[0,5],[1,4],[0,4],[0,1]]]
stats = {earlyWeeksByTeam    : [2,1,2,3,2,2],
         lateWeeksByTeam     : [2,3,2,1,2,2],
         doubleHeadersByTeam : [2,3,3,3,2,3],
         doubleByesByTeam    : [1,1,1,2,1,2],
         totalSlotsByTeam    : [19,18,18,19,19,19]}

// Combo (37-43-32-45)
[[[0,5],[3,5],[0,3],[1,5],[0,4],[2,3],[1,4],[1,2],[2,4]],
 [[3,4],[1,4],[1,3],[4,5],[2,3],[0,1],[2,5],[0,5],[0,2]],
 [[2,4],[0,4],[0,2],[4,5],[1,2],[0,3],[1,5],[3,5],[1,3]],
 [[3,5],[2,3],[2,5],[3,4],[0,5],[1,2],[0,4],[1,4],[0,1]]]
stats = {earlyWeeksByTeam    : [2,1,2,3,2,2],
         lateWeeksByTeam     : [2,3,2,1,2,2],
         doubleHeadersByTeam : [2,3,2,3,3,3],
         doubleByesByTeam    : [1,2,1,1,1,2],
         totalSlotsByTeam    : [19,19,19,18,18,19]}

// Combo (43-7-45-21)
[[[1,2],[2,4],[1,4],[2,3],[1,5],[0,4],[3,5],[0,3],[0,5]],
 [[0,5],[0,2],[2,5],[0,1],[4,5],[2,3],[1,4],[1,3],[3,4]],
 [[1,3],[1,5],[3,5],[1,2],[0,3],[4,5],[0,2],[2,4],[0,4]],
 [[1,4],[0,4],[0,1],[3,4],[1,2],[0,5],[2,3],[3,5],[2,5]]]
stats = {earlyWeeksByTeam    : [2,3,2,1,2,2],
         lateWeeksByTeam     : [2,1,2,3,2,2],
         doubleHeadersByTeam : [3,2,3,3,3,2],
         doubleByesByTeam    : [1,1,2,2,1,1],
         totalSlotsByTeam    : [18,19,19,19,18,19]}

// Combo (45-3-8-37)
[[[2,4],[1,2],[1,4],[2,3],[0,4],[1,5],[0,3],[3,5],[0,5]],
 [[0,2],[0,5],[2,5],[0,1],[2,3],[4,5],[1,3],[1,4],[3,4]],
 [[1,3],[3,5],[1,5],[0,3],[1,2],[4,5],[0,2],[0,4],[2,4]],
 [[0,1],[1,4],[0,4],[1,2],[0,5],[3,4],[2,5],[2,3],[3,5]]]
stats = {earlyWeeksByTeam    : [2,3,2,1,2,2],
         lateWeeksByTeam     : [2,1,2,3,2,2],
         doubleHeadersByTeam : [2,3,2,3,3,3],
         doubleByesByTeam    : [1,2,1,1,1,2],
         totalSlotsByTeam    : [19,19,19,18,18,19]}

// Combo (45-32-45-3)
[[[2,4],[1,2],[1,4],[2,3],[0,4],[1,5],[0,3],[3,5],[0,5]],
 [[2,5],[0,2],[0,5],[2,3],[4,5],[0,1],[3,4],[1,3],[1,4]],
 [[1,3],[1,5],[3,5],[1,2],[0,3],[4,5],[0,2],[2,4],[0,4]],
 [[0,1],[0,4],[1,4],[0,5],[1,2],[3,4],[2,5],[3,5],[2,3]]]
stats = {earlyWeeksByTeam    : [2,3,2,1,2,2],
         lateWeeksByTeam     : [2,1,2,3,2,2],
         doubleHeadersByTeam : [2,3,3,3,2,3],
         doubleByesByTeam    : [1,1,1,2,1,2],
         totalSlotsByTeam    : [19,18,18,19,19,19]}