// Following are some of the "best" schedules, all with the same score, from 780 billion+ legal combinations.
// …given an arbitrary set of weights whose values are lost to the sands of time.

Combo #8,280,999,676 (1-1-47-81-93-28) has a score of 295.583
[[[5,7],[0,5],[3,7],[0,7],[2,5],[2,3],[0,6],[3,4],[1,2],[4,6],[1,4],[1,6]],
 [[2,4],[0,2],[4,7],[0,4],[2,6],[6,7],[0,3],[1,7],[5,6],[1,3],[1,5],[3,5]],
 [[1,6],[0,1],[0,6],[3,6],[1,4],[0,7],[3,4],[2,3],[5,7],[4,5],[2,7],[2,5]],
 [[2,6],[1,2],[6,7],[2,4],[1,7],[4,6],[1,5],[3,7],[0,4],[0,5],[3,5],[0,3]],
 [[3,6],[3,4],[5,6],[1,3],[4,5],[1,6],[4,7],[2,5],[0,1],[2,7],[0,7],[0,2]],
 [[5,7],[3,7],[3,5],[1,7],[2,3],[0,5],[1,2],[1,4],[0,6],[2,6],[0,4],[4,6]]]
{"earlyWeeksByTeam"    : [3,2,2,2,2,2,3,2],
 "lateWeeksByTeam"     : [3,2,2,2,2,3,2,2],
 "doubleHeadersByTeam" : [3,4,4,4,3,4,3,3],
 "doubleByesByTeam"    : [4,4,4,4,4,4,4,4],
 "totalSlotsByTeam"    : [31,30,30,30,31,30,31,31],
 "teamMatchups"        : [[0,2,2,2,3,3,3,3],
                          [2,0,3,2,3,2,3,3],
                          [2,3,0,3,2,3,3,2],
                          [2,2,3,0,3,3,2,3],
                          [3,3,2,3,0,2,3,2],
                          [3,2,3,3,2,0,2,3],
                          [3,3,3,2,3,2,0,2],
                          [3,3,2,3,2,3,2,0]]}

Combo #8,281,119,483 (1-1-47-94-93-27) has a score of 295.583
[[[5,7],[0,5],[3,7],[0,7],[2,5],[2,3],[0,6],[3,4],[1,2],[4,6],[1,4],[1,6]],
 [[2,4],[0,2],[4,7],[0,4],[2,6],[6,7],[0,3],[1,7],[5,6],[1,3],[1,5],[3,5]],
 [[1,6],[0,1],[0,6],[3,6],[1,4],[0,7],[3,4],[2,3],[5,7],[4,5],[2,7],[2,5]],
 [[2,6],[1,2],[6,7],[2,4],[1,7],[4,6],[1,5],[3,7],[0,4],[3,5],[0,3],[0,5]],
 [[3,6],[3,4],[5,6],[1,3],[4,5],[1,6],[4,7],[2,5],[0,1],[2,7],[0,7],[0,2]],
 [[3,7],[3,5],[5,7],[1,7],[2,3],[0,5],[1,2],[1,4],[0,6],[2,6],[0,4],[4,6]]]
{"earlyWeeksByTeam"    : [3,2,2,2,2,2,3,2],
 "lateWeeksByTeam"     : [3,2,2,2,2,3,2,2],
 "doubleHeadersByTeam" : [3,4,4,4,3,4,3,3],
 "doubleByesByTeam"    : [4,4,4,4,4,4,4,4],
 "totalSlotsByTeam"    : [31,30,30,30,31,30,31,31],
 "teamMatchups"        : [[0,2,2,2,3,3,3,3],
                          [2,0,3,2,3,2,3,3],
                          [2,3,0,3,2,3,3,2],
                          [2,2,3,0,3,3,2,3],
                          [3,3,2,3,0,2,3,2],
                          [3,2,3,3,2,0,2,3],
                          [3,3,3,2,3,2,0,2],
                          [3,3,2,3,2,3,2,0]]}