// An incomplete exploration, but with 20 "best" schedules with the same score
// …given an arbitrary set of weights whose values are lost to the sands of time.

// Combo (1-13-70-22)
[[[5,7],[0,5],[3,7],[0,7],[2,5],[2,3],[0,6],[3,4],[1,2],[4,6],[1,4],[1,6]],
 [[3,5],[1,3],[1,5],[0,3],[5,6],[1,7],[0,2],[6,7],[0,4],[2,6],[4,7],[2,4]],
 [[0,1],[0,6],[1,6],[0,7],[1,4],[3,6],[5,7],[3,4],[2,7],[4,5],[2,3],[2,5]],
 [[2,6],[4,6],[1,2],[6,7],[2,4],[1,7],[0,4],[1,5],[3,7],[0,5],[0,3],[3,5]]]
stats = {earlyWeeksByTeam    : [2,2,1,1,1,2,2,1],
         lateWeeksByTeam     : [1,1,2,2,2,2,1,1],
         doubleHeadersByTeam : [2,2,2,2,2,1,2,1],
         doubleByesByTeam    : [3,2,2,2,2,2,3,3],
         totalSlotsByTeam    : [21,20,20,20,20,21,21,22]}

// Combo (1-14-70-22)
[[[5,7],[0,5],[3,7],[0,7],[2,5],[2,3],[0,6],[3,4],[1,2],[4,6],[1,4],[1,6]],
 [[1,3],[3,5],[1,5],[0,3],[5,6],[1,7],[0,2],[6,7],[0,4],[2,6],[4,7],[2,4]],
 [[0,1],[0,6],[1,6],[0,7],[1,4],[3,6],[5,7],[3,4],[2,7],[4,5],[2,3],[2,5]],
 [[2,6],[4,6],[1,2],[6,7],[2,4],[1,7],[0,4],[1,5],[3,7],[0,5],[0,3],[3,5]]]
stats = {earlyWeeksByTeam    : [2,2,1,1,1,2,2,1],
         lateWeeksByTeam     : [1,1,2,2,2,2,1,1],
         doubleHeadersByTeam : [2,1,2,2,2,2,2,1],
         doubleByesByTeam    : [3,2,2,2,2,2,3,3],
         totalSlotsByTeam    : [21,21,20,20,20,20,21,22]}

// Combo (1-77-5-22)
[[[5,7],[0,5],[3,7],[0,7],[2,5],[2,3],[0,6],[3,4],[1,2],[4,6],[1,4],[1,6]],
 [[1,5],[1,7],[5,6],[1,3],[6,7],[3,5],[4,7],[2,6],[0,3],[2,4],[0,4],[0,2]],
 [[1,6],[3,6],[1,4],[0,6],[3,4],[0,1],[2,3],[4,5],[0,7],[2,5],[5,7],[2,7]],
 [[2,6],[4,6],[1,2],[6,7],[2,4],[1,7],[0,4],[1,5],[3,7],[0,5],[0,3],[3,5]]]
stats = {earlyWeeksByTeam    : [1,2,1,1,1,2,2,2],
         lateWeeksByTeam     : [2,1,2,1,2,2,1,1],
         doubleHeadersByTeam : [2,2,1,1,2,2,2,2],
         doubleByesByTeam    : [3,2,2,3,3,2,2,2],
         totalSlotsByTeam    : [21,20,21,22,21,20,20,20]}

// Combo (1-77-87-22)
[[[5,7],[0,5],[3,7],[0,7],[2,5],[2,3],[0,6],[3,4],[1,2],[4,6],[1,4],[1,6]],
 [[1,5],[1,7],[5,6],[1,3],[6,7],[3,5],[4,7],[2,6],[0,3],[2,4],[0,4],[0,2]],
 [[1,6],[3,6],[1,4],[0,6],[3,4],[0,1],[2,3],[4,5],[0,7],[2,5],[2,7],[5,7]],
 [[2,6],[4,6],[1,2],[6,7],[2,4],[1,7],[0,4],[1,5],[3,7],[0,5],[0,3],[3,5]]]
stats = {earlyWeeksByTeam    : [1,2,1,1,1,2,2,2],
         lateWeeksByTeam     : [2,1,2,1,2,2,1,1],
         doubleHeadersByTeam : [2,2,2,1,2,1,2,2],
         doubleByesByTeam    : [3,2,2,3,3,2,2,2],
         totalSlotsByTeam    : [21,20,20,22,21,21,20,20]}

// Combo (28-4-93-52)
[[[1,6],[1,4],[4,6],[1,2],[3,4],[0,6],[2,3],[2,5],[0,7],[3,7],[0,5],[5,7]],
 [[2,4],[4,7],[2,6],[0,4],[6,7],[0,2],[1,7],[5,6],[0,3],[1,5],[1,3],[3,5]],
 [[2,5],[2,3],[4,5],[2,7],[3,4],[5,7],[3,6],[1,4],[0,7],[1,6],[0,6],[0,1]],
 [[3,5],[0,3],[0,5],[3,7],[1,5],[0,4],[1,7],[2,4],[6,7],[1,2],[4,6],[2,6]]]
stats = {earlyWeeksByTeam    : [1,1,2,2,2,2,1,1],
         lateWeeksByTeam     : [2,2,1,1,1,2,2,1],
         doubleHeadersByTeam : [2,2,2,2,2,1,2,1],
         doubleByesByTeam    : [3,2,2,2,2,2,3,3],
         totalSlotsByTeam    : [21,20,20,20,20,21,21,22]}

// Combo (28-43-10-52)
[[[1,6],[1,4],[4,6],[1,2],[3,4],[0,6],[2,3],[2,5],[0,7],[3,7],[0,5],[5,7]],
 [[0,2],[0,4],[2,4],[0,3],[2,6],[4,7],[3,5],[6,7],[1,3],[5,6],[1,7],[1,5]],
 [[5,7],[2,7],[2,5],[0,7],[4,5],[2,3],[0,1],[3,4],[0,6],[1,4],[3,6],[1,6]],
 [[3,5],[0,3],[0,5],[3,7],[1,5],[0,4],[1,7],[2,4],[6,7],[1,2],[4,6],[2,6]]]
stats = {earlyWeeksByTeam    : [2,1,2,1,2,2,1,1],
         lateWeeksByTeam     : [1,2,1,1,1,2,2,2],
         doubleHeadersByTeam : [2,2,2,1,2,1,2,2],
         doubleByesByTeam    : [3,2,2,3,3,2,2,2],
         totalSlotsByTeam    : [21,20,20,22,21,21,20,20]}

// Combo (28-43-11-52)
[[[1,6],[1,4],[4,6],[1,2],[3,4],[0,6],[2,3],[2,5],[0,7],[3,7],[0,5],[5,7]],
 [[0,2],[0,4],[2,4],[0,3],[2,6],[4,7],[3,5],[6,7],[1,3],[5,6],[1,7],[1,5]],
 [[2,7],[5,7],[2,5],[0,7],[4,5],[2,3],[0,1],[3,4],[0,6],[1,4],[3,6],[1,6]],
 [[3,5],[0,3],[0,5],[3,7],[1,5],[0,4],[1,7],[2,4],[6,7],[1,2],[4,6],[2,6]]]
stats = {earlyWeeksByTeam    : [2,1,2,1,2,2,1,1],
         lateWeeksByTeam     : [1,2,1,1,1,2,2,2],
         doubleHeadersByTeam : [2,2,1,1,2,2,2,2],
         doubleByesByTeam    : [3,2,2,3,3,2,2,2],
         totalSlotsByTeam    : [21,20,21,22,21,20,20,20]}

// Combo (28-86-93-52)
[[[1,6],[1,4],[4,6],[1,2],[3,4],[0,6],[2,3],[2,5],[0,7],[3,7],[0,5],[5,7]],
 [[2,4],[4,7],[2,6],[0,4],[6,7],[0,2],[1,7],[5,6],[0,3],[1,5],[3,5],[1,3]],
 [[2,5],[2,3],[4,5],[2,7],[3,4],[5,7],[3,6],[1,4],[0,7],[1,6],[0,6],[0,1]],
 [[3,5],[0,3],[0,5],[3,7],[1,5],[0,4],[1,7],[2,4],[6,7],[1,2],[4,6],[2,6]]]
stats = {earlyWeeksByTeam    : [1,1,2,2,2,2,1,1],
         lateWeeksByTeam     : [2,2,1,1,1,2,2,1],
         doubleHeadersByTeam : [2,1,2,2,2,2,2,1],
         doubleByesByTeam    : [3,2,2,2,2,2,3,3],
         totalSlotsByTeam    : [21,21,20,20,20,20,21,22]}

// Combo (29-86-76-52)
[[[1,4],[1,6],[4,6],[1,2],[3,4],[0,6],[2,3],[2,5],[0,7],[3,7],[0,5],[5,7]],
 [[2,4],[4,7],[2,6],[0,4],[6,7],[0,2],[1,7],[5,6],[0,3],[1,5],[3,5],[1,3]],
 [[2,5],[2,3],[4,5],[2,7],[3,4],[5,7],[3,6],[1,4],[0,7],[1,6],[0,1],[0,6]],
 [[3,5],[0,3],[0,5],[3,7],[1,5],[0,4],[1,7],[2,4],[6,7],[1,2],[4,6],[2,6]]]
stats = {earlyWeeksByTeam    : [1,1,2,2,2,2,1,1],
         lateWeeksByTeam     : [2,2,1,1,1,2,2,1],
         doubleHeadersByTeam : [2,2,2,2,1,2,2,1],
         doubleByesByTeam    : [3,2,2,2,2,2,3,3],
         totalSlotsByTeam    : [21,20,20,20,21,20,21,22]}

// Combo (31-4-93-82)
[[[1,4],[4,6],[1,2],[3,4],[1,6],[2,3],[0,6],[2,5],[3,7],[0,5],[0,7],[5,7]],
 [[2,4],[4,7],[2,6],[0,4],[6,7],[0,2],[1,7],[5,6],[0,3],[1,5],[1,3],[3,5]],
 [[2,5],[2,3],[4,5],[2,7],[3,4],[5,7],[3,6],[1,4],[0,7],[1,6],[0,6],[0,1]],
 [[3,5],[0,5],[3,7],[0,3],[1,5],[1,7],[0,4],[6,7],[1,2],[4,6],[2,6],[2,4]]]
stats = {earlyWeeksByTeam    : [1,1,2,2,2,2,1,1],
         lateWeeksByTeam     : [2,2,1,1,1,2,2,1],
         doubleHeadersByTeam : [2,2,2,2,2,1,2,1],
         doubleByesByTeam    : [3,2,2,2,2,2,3,3],
         totalSlotsByTeam    : [21,20,20,20,20,21,21,22]}

// Combo (31-42-11-59)
[[[1,4],[4,6],[1,2],[3,4],[1,6],[2,3],[0,6],[2,5],[3,7],[0,5],[0,7],[5,7]],
 [[0,4],[0,2],[2,4],[0,3],[2,6],[4,7],[3,5],[6,7],[1,3],[5,6],[1,7],[1,5]],
 [[2,7],[5,7],[2,5],[0,7],[4,5],[2,3],[0,1],[3,4],[0,6],[1,4],[3,6],[1,6]],
 [[3,5],[0,5],[3,7],[0,3],[1,5],[1,7],[0,4],[6,7],[1,2],[4,6],[2,4],[2,6]]]
stats = {earlyWeeksByTeam    : [2,1,2,1,2,2,1,1],
         lateWeeksByTeam     : [1,2,1,1,1,2,2,2],
         doubleHeadersByTeam : [2,2,2,1,2,2,1,2],
         doubleByesByTeam    : [3,2,2,3,3,2,2,2],
         totalSlotsByTeam    : [21,20,20,22,21,20,21,20]}

// Combo (31-43-10-82)
[[[1,4],[4,6],[1,2],[3,4],[1,6],[2,3],[0,6],[2,5],[3,7],[0,5],[0,7],[5,7]],
 [[0,2],[0,4],[2,4],[0,3],[2,6],[4,7],[3,5],[6,7],[1,3],[5,6],[1,7],[1,5]],
 [[5,7],[2,7],[2,5],[0,7],[4,5],[2,3],[0,1],[3,4],[0,6],[1,4],[3,6],[1,6]],
 [[3,5],[0,5],[3,7],[0,3],[1,5],[1,7],[0,4],[6,7],[1,2],[4,6],[2,6],[2,4]]]
stats = {earlyWeeksByTeam    : [2,1,2,1,2,2,1,1],
         lateWeeksByTeam     : [1,2,1,1,1,2,2,2],
         doubleHeadersByTeam : [2,2,2,1,2,1,2,2],
         doubleByesByTeam    : [3,2,2,3,3,2,2,2],
         totalSlotsByTeam    : [21,20,20,22,21,21,20,20]}

// Combo (31-43-11-82)
[[[1,4],[4,6],[1,2],[3,4],[1,6],[2,3],[0,6],[2,5],[3,7],[0,5],[0,7],[5,7]],
 [[0,2],[0,4],[2,4],[0,3],[2,6],[4,7],[3,5],[6,7],[1,3],[5,6],[1,7],[1,5]],
 [[2,7],[5,7],[2,5],[0,7],[4,5],[2,3],[0,1],[3,4],[0,6],[1,4],[3,6],[1,6]],
 [[3,5],[0,5],[3,7],[0,3],[1,5],[1,7],[0,4],[6,7],[1,2],[4,6],[2,6],[2,4]]]
stats = {earlyWeeksByTeam    : [2,1,2,1,2,2,1,1],
         lateWeeksByTeam     : [1,2,1,1,1,2,2,2],
         doubleHeadersByTeam : [2,2,1,1,2,2,2,2],
         doubleByesByTeam    : [3,2,2,3,3,2,2,2],
         totalSlotsByTeam    : [21,20,21,22,21,20,20,20]}

// Combo (31-86-93-82)
[[[1,4],[4,6],[1,2],[3,4],[1,6],[2,3],[0,6],[2,5],[3,7],[0,5],[0,7],[5,7]],
 [[2,4],[4,7],[2,6],[0,4],[6,7],[0,2],[1,7],[5,6],[0,3],[1,5],[3,5],[1,3]],
 [[2,5],[2,3],[4,5],[2,7],[3,4],[5,7],[3,6],[1,4],[0,7],[1,6],[0,6],[0,1]],
 [[3,5],[0,5],[3,7],[0,3],[1,5],[1,7],[0,4],[6,7],[1,2],[4,6],[2,6],[2,4]]]
stats = {earlyWeeksByTeam    : [1,1,2,2,2,2,1,1],
         lateWeeksByTeam     : [2,2,1,1,1,2,2,1],
         doubleHeadersByTeam : [2,1,2,2,2,2,2,1],
         doubleByesByTeam    : [3,2,2,2,2,2,3,3],
         totalSlotsByTeam    : [21,21,20,20,20,20,21,22]}

// Combo (57-14-69-22)
[[[5,7],[0,5],[3,7],[0,7],[2,5],[2,3],[0,6],[3,4],[1,2],[4,6],[1,6],[1,4]],
 [[1,3],[3,5],[1,5],[0,3],[5,6],[1,7],[0,2],[6,7],[0,4],[2,6],[4,7],[2,4]],
 [[0,6],[0,1],[1,6],[0,7],[1,4],[3,6],[5,7],[3,4],[2,7],[4,5],[2,3],[2,5]],
 [[2,6],[4,6],[1,2],[6,7],[2,4],[1,7],[0,4],[1,5],[3,7],[0,5],[0,3],[3,5]]]
stats = {earlyWeeksByTeam    : [2,2,1,1,1,2,2,1],
         lateWeeksByTeam     : [1,1,2,2,2,2,1,1],
         doubleHeadersByTeam : [2,2,2,2,1,2,2,1],
         doubleByesByTeam    : [3,2,2,2,2,2,3,3],
         totalSlotsByTeam    : [21,20,20,20,21,20,21,22]}

// Combo (65-13-70-39)
[[[5,7],[0,7],[0,5],[3,7],[2,5],[0,6],[2,3],[1,6],[3,4],[1,2],[4,6],[1,4]],
 [[3,5],[1,3],[1,5],[0,3],[5,6],[1,7],[0,2],[6,7],[0,4],[2,6],[4,7],[2,4]],
 [[0,1],[0,6],[1,6],[0,7],[1,4],[3,6],[5,7],[3,4],[2,7],[4,5],[2,3],[2,5]],
 [[2,4],[2,6],[4,6],[1,2],[6,7],[0,4],[1,7],[1,5],[0,3],[3,7],[0,5],[3,5]]]
stats = {earlyWeeksByTeam    : [2,2,1,1,1,2,2,1],
         lateWeeksByTeam     : [1,1,2,2,2,2,1,1],
         doubleHeadersByTeam : [2,2,2,2,2,1,2,1],
         doubleByesByTeam    : [3,2,2,2,2,2,3,3],
         totalSlotsByTeam    : [21,20,20,20,20,21,21,22]}

// Combo (65-14-70-39)
[[[5,7],[0,7],[0,5],[3,7],[2,5],[0,6],[2,3],[1,6],[3,4],[1,2],[4,6],[1,4]],
 [[1,3],[3,5],[1,5],[0,3],[5,6],[1,7],[0,2],[6,7],[0,4],[2,6],[4,7],[2,4]],
 [[0,1],[0,6],[1,6],[0,7],[1,4],[3,6],[5,7],[3,4],[2,7],[4,5],[2,3],[2,5]],
 [[2,4],[2,6],[4,6],[1,2],[6,7],[0,4],[1,7],[1,5],[0,3],[3,7],[0,5],[3,5]]]
stats = {earlyWeeksByTeam    : [2,2,1,1,1,2,2,1],
         lateWeeksByTeam     : [1,1,2,2,2,2,1,1],
         doubleHeadersByTeam : [2,1,2,2,2,2,2,1],
         doubleByesByTeam    : [3,2,2,2,2,2,3,3],
         totalSlotsByTeam    : [21,21,20,20,20,20,21,22]}

// Combo (65-77-5-39)
[[[5,7],[0,7],[0,5],[3,7],[2,5],[0,6],[2,3],[1,6],[3,4],[1,2],[4,6],[1,4]],
 [[1,5],[1,7],[5,6],[1,3],[6,7],[3,5],[4,7],[2,6],[0,3],[2,4],[0,4],[0,2]],
 [[1,6],[3,6],[1,4],[0,6],[3,4],[0,1],[2,3],[4,5],[0,7],[2,5],[5,7],[2,7]],
 [[2,4],[2,6],[4,6],[1,2],[6,7],[0,4],[1,7],[1,5],[0,3],[3,7],[0,5],[3,5]]]
stats = {earlyWeeksByTeam    : [1,2,1,1,1,2,2,2],
         lateWeeksByTeam     : [2,1,2,1,2,2,1,1],
         doubleHeadersByTeam : [2,2,1,1,2,2,2,2],
         doubleByesByTeam    : [3,2,2,3,3,2,2,2],
         totalSlotsByTeam    : [21,20,21,22,21,20,20,20]}

// Combo (65-77-87-39)
[[[5,7],[0,7],[0,5],[3,7],[2,5],[0,6],[2,3],[1,6],[3,4],[1,2],[4,6],[1,4]],
 [[1,5],[1,7],[5,6],[1,3],[6,7],[3,5],[4,7],[2,6],[0,3],[2,4],[0,4],[0,2]],
 [[1,6],[3,6],[1,4],[0,6],[3,4],[0,1],[2,3],[4,5],[0,7],[2,5],[2,7],[5,7]],
 [[2,4],[2,6],[4,6],[1,2],[6,7],[0,4],[1,7],[1,5],[0,3],[3,7],[0,5],[3,5]]]
stats = {earlyWeeksByTeam    : [1,2,1,1,1,2,2,2],
         lateWeeksByTeam     : [2,1,2,1,2,2,1,1],
         doubleHeadersByTeam : [2,2,2,1,2,1,2,2],
         doubleByesByTeam    : [3,2,2,3,3,2,2,2],
         totalSlotsByTeam    : [21,20,20,22,21,21,20,20]}

// Combo (65-94-5-40)
[[[5,7],[0,7],[0,5],[3,7],[2,5],[0,6],[2,3],[1,6],[3,4],[1,2],[4,6],[1,4]],
 [[1,5],[1,7],[5,6],[1,3],[6,7],[3,5],[4,7],[2,6],[0,3],[2,4],[0,2],[0,4]],
 [[1,6],[3,6],[1,4],[0,6],[3,4],[0,1],[2,3],[4,5],[0,7],[2,5],[5,7],[2,7]],
 [[2,6],[2,4],[4,6],[1,2],[6,7],[0,4],[1,7],[1,5],[0,3],[3,7],[0,5],[3,5]]]
stats = {earlyWeeksByTeam    : [1,2,1,1,1,2,2,2],
         lateWeeksByTeam     : [2,1,2,1,2,2,1,1],
         doubleHeadersByTeam : [2,2,2,1,2,2,1,2],
         doubleByesByTeam    : [3,2,2,3,3,2,2,2],
         totalSlotsByTeam    : [21,20,20,22,21,20,21,20]}
