// An incomplete exploration showing the 2 "best" schedules with the same score
// …given an arbitrary set of weights whose values are lost to the sands of time.

Combo #173,048,735 (2-3-56-94-94) has a score of 20.797
[[[5,7],[0,5],[3,7],[2,5],[0,7],[2,3],[0,6],[3,4],[1,2],[4,6],[1,4],[1,6]],
 [[2,4],[4,7],[2,6],[0,4],[6,7],[0,2],[1,7],[5,6],[0,3],[1,3],[1,5],[3,5]],
 [[1,6],[0,6],[1,4],[3,6],[0,1],[3,4],[0,7],[4,5],[2,3],[5,7],[2,7],[2,5]],
 [[2,6],[1,2],[6,7],[2,4],[1,7],[4,6],[1,5],[3,7],[0,4],[3,5],[0,3],[0,5]],
 [[3,6],[5,6],[3,4],[1,6],[4,5],[1,3],[2,5],[4,7],[0,1],[2,7],[0,7],[0,2]]]
{"earlyWeeksByTeam"    : [2,2,2,1,1,2,3,2],
 "lateWeeksByTeam"     : [2,2,2,2,1,3,1,2],
 "doubleHeadersByTeam" : [2,2,2,2,2,2,2,2],
 "doubleByesByTeam"    : [3,3,3,3,3,3,3,3],
 "totalSlotsByTeam"    : [26,26,26,26,26,26,26,26],
 "teamMatchups"        : [[0,2,2,2,2,2,2,3],
                          [2,0,2,2,2,2,3,2],
                          [2,2,0,2,2,3,2,2],
                          [2,2,2,0,3,2,2,2],
                          [2,2,2,3,0,2,2,2],
                          [2,2,3,2,2,0,2,2],
                          [2,3,2,2,2,2,0,2],
                          [3,2,2,2,2,2,2,0]]}

Combo #173,979,551 (2-4-61-94-94) has a score of 20.797
[[[5,7],[0,5],[3,7],[2,5],[0,7],[2,3],[0,6],[3,4],[1,2],[4,6],[1,4],[1,6]],
 [[2,4],[4,7],[2,6],[0,4],[6,7],[0,2],[1,7],[5,6],[0,3],[1,5],[1,3],[3,5]],
 [[1,6],[0,6],[1,4],[3,6],[0,1],[3,4],[0,7],[4,5],[2,3],[2,7],[5,7],[2,5]],
 [[2,6],[1,2],[6,7],[2,4],[1,7],[4,6],[1,5],[3,7],[0,4],[3,5],[0,3],[0,5]],
 [[3,6],[5,6],[3,4],[1,6],[4,5],[1,3],[2,5],[4,7],[0,1],[2,7],[0,7],[0,2]]]
{"earlyWeeksByTeam"    : [2,2,2,1,1,2,3,2],
 "lateWeeksByTeam"     : [2,2,2,2,1,3,1,2],
 "doubleHeadersByTeam" : [2,2,2,2,2,2,2,2],
 "doubleByesByTeam"    : [3,3,3,3,3,3,3,3],
 "totalSlotsByTeam"    : [26,26,26,26,26,26,26,26],
 "teamMatchups"        : [[0,2,2,2,2,2,2,3],
                          [2,0,2,2,2,2,3,2],
                          [2,2,0,2,2,3,2,2],
                          [2,2,2,0,3,2,2,2],
                          [2,2,2,3,0,2,2,2],
                          [2,2,3,2,2,0,2,2],
                          [2,3,2,2,2,2,0,2],
                          [3,2,2,2,2,2,2,0]]}
